0	1	1.0
0	75	0.7142857142857143
0	76	0.5238095238095238
0	77	0.38095238095238093
0	122	0.9523809523809523
0	123	0.47619047619047616
0	126	0.7142857142857143
1	2	1.0
1	76	0.7619047619047619
2	3	1.0
3	4	1.0
3	5	0.9047619047619048
3	6	0.42857142857142855
10	3	0.42857142857142855
11	3	0.19047619047619047
3	74	0.5238095238095238
4	5	1.0
11	4	0.7619047619047619
5	6	1.0
5	7	0.9523809523809523
11	5	0.8095238095238095
13	5	0.9523809523809523
5	716	1.0
6	7	1.0
6	712	1.0
6	713	1.0
6	716	1.0
7	8	1.0
7	9	0.9523809523809523
11	7	0.8571428571428571
12	7	0.9523809523809523
13	7	0.9523809523809523
7	713	1.0
7	716	0.6190476190476191
8	9	1.0
12	8	0.8571428571428571
13	8	0.3333333333333333
14	8	0.9523809523809523
15	8	1.0
713	8	0.38095238095238093
10	9	1.0
11	9	1.0
12	9	1.0
15	9	0.9523809523809523
74	9	0.047619047619047616
9	93	1.0
9	94	0.6190476190476191
9	95	0.9523809523809523
10	11	1.0
10	12	0.5238095238095238
10	74	1.0
10	94	1.0
10	95	0.8571428571428571
11	12	1.0
11	13	0.09523809523809523
12	13	1.0
13	14	1.0
13	716	0.7619047619047619
13	717	1.0
13	721	1.0
14	15	1.0
14	717	0.42857142857142855
14	721	0.3333333333333333
14	737	0.6190476190476191
15	16	1.0
15	19	0.9523809523809523
15	37	0.9523809523809523
15	89	0.7142857142857143
16	17	1.0
16	18	1.0
16	19	0.9523809523809523
16	37	0.6190476190476191
17	18	1.0
17	37	1.0
18	19	1.0
18	34	1.0
18	35	0.6190476190476191
18	36	1.0
18	37	0.7142857142857143
19	20	1.0
19	21	1.0
19	34	0.23809523809523808
19	35	1.0
19	37	0.9523809523809523
19	96	1.0
20	21	1.0
20	32	0.9047619047619048
20	34	1.0
20	96	0.9523809523809523
21	22	1.0
21	23	1.0
21	33	1.0
21	35	1.0
21	96	1.0
21	97	0.38095238095238093
21	98	1.0
22	23	1.0
22	30	0.9047619047619048
22	32	1.0
22	97	1.0
23	24	1.0
23	25	0.8571428571428571
23	31	1.0
23	33	0.8095238095238095
23	48	1.0
23	98	1.0
23	99	0.09523809523809523
100	23	0.8095238095238095
24	25	1.0
24	28	0.9047619047619048
24	30	1.0
24	99	1.0
25	26	1.0
25	27	1.0
25	28	1.0
25	29	1.0
25	31	0.8571428571428571
25	48	0.047619047619047616
25	49	0.047619047619047616
25	52	1.0
100	25	1.0
26	27	1.0
26	28	0.6190476190476191
26	61	0.7142857142857143
26	67	0.8571428571428571
100	26	1.0
101	26	0.8095238095238095
102	26	0.8095238095238095
27	28	1.0
27	29	1.0
27	57	1.0
27	58	0.38095238095238093
27	60	1.0
27	61	0.9523809523809523
28	29	1.0
28	57	0.38095238095238093
29	30	1.0
29	31	0.9523809523809523
29	52	0.9047619047619048
29	55	1.0
29	57	0.9047619047619048
30	31	1.0
31	32	1.0
31	33	0.8571428571428571
31	48	0.5238095238095238
31	51	1.0
31	52	0.9523809523809523
32	33	1.0
33	34	1.0
33	35	1.0
33	47	0.9523809523809523
33	48	0.9523809523809523
33	51	0.9523809523809523
34	35	1.0
35	36	1.0
35	39	1.0
35	44	0.9523809523809523
35	88	1.0
36	37	1.0
36	38	1.0
36	39	1.0
37	38	1.0
37	88	1.0
37	89	1.0
38	39	1.0
38	87	1.0
38	88	0.2857142857142857
38	89	1.0
38	741	1.0
38	742	0.8095238095238095
39	40	1.0
39	43	1.0
39	44	0.9523809523809523
39	87	0.7619047619047619
39	88	1.0
40	41	1.0
40	42	1.0
40	43	1.0
40	84	0.5238095238095238
40	85	1.0
40	86	1.0
40	87	1.0
41	42	1.0
41	44	1.0
41	45	1.0
41	69	0.9523809523809523
41	81	0.9047619047619048
41	84	1.0
41	86	1.0
42	43	1.0
42	45	1.0
42	46	0.7619047619047619
42	84	1.0
42	85	0.9523809523809523
43	44	1.0
43	46	0.9523809523809523
43	47	0.7619047619047619
44	45	1.0
44	47	1.0
44	48	1.0
44	88	0.7619047619047619
45	46	1.0
45	48	1.0
45	49	0.9047619047619048
45	64	1.0
45	67	0.2857142857142857
45	84	0.9047619047619048
46	47	1.0
46	49	0.8571428571428571
46	50	0.7619047619047619
46	64	0.9523809523809523
47	48	1.0
47	50	1.0
47	51	0.9523809523809523
48	49	1.0
48	51	1.0
48	52	1.0
49	50	1.0
49	52	1.0
49	53	0.23809523809523808
49	61	0.6190476190476191
49	64	1.0
50	51	1.0
50	53	0.9523809523809523
51	52	1.0
51	53	0.19047619047619047
51	54	0.9047619047619048
52	53	1.0
52	55	1.0
52	58	1.0
53	54	1.0
53	58	1.0
54	55	1.0
55	56	1.0
56	57	1.0
57	58	1.0
57	60	0.9523809523809523
58	59	1.0
58	61	1.0
59	60	1.0
60	61	1.0
61	62	1.0
62	63	1.0
62	66	1.0
63	64	1.0
63	65	1.0
63	66	1.0
64	65	1.0
64	66	0.3333333333333333
64	67	0.9047619047619048
65	66	1.0
66	67	1.0
102	66	0.8095238095238095
67	68	1.0
100	67	1.0
101	67	0.9047619047619048
102	67	0.9523809523809523
68	69	1.0
68	80	0.9047619047619048
68	81	1.0
68	82	1.0
101	68	1.0
103	68	1.0
69	70	1.0
69	71	0.9047619047619048
69	81	1.0
69	98	1.0
69	99	0.42857142857142855
100	69	1.0
70	71	1.0
70	78	1.0
70	79	0.47619047619047616
70	80	1.0
70	99	1.0
101	70	1.0
71	72	1.0
71	79	0.5714285714285714
71	91	0.6190476190476191
71	93	1.0
71	97	1.0
71	98	1.0
71	99	1.0
72	73	1.0
72	77	0.6666666666666666
72	78	1.0
72	94	1.0
73	74	1.0
73	75	1.0
73	77	1.0
73	79	1.0
73	92	1.0
73	93	0.9523809523809523
73	94	1.0
74	75	1.0
74	92	1.0
74	93	0.14285714285714285
74	94	1.0
75	76	1.0
75	77	1.0
121	75	0.38095238095238093
122	75	0.8571428571428571
123	75	1.0
76	77	1.0
76	94	0.7619047619047619
77	78	1.0
77	79	0.3333333333333333
123	77	1.0
125	77	0.5714285714285714
78	79	1.0
79	80	1.0
79	81	0.9047619047619048
114	79	0.9047619047619048
80	81	1.0
80	82	0.9047619047619048
110	80	0.9523809523809523
81	82	1.0
81	83	0.7619047619047619
81	86	0.8571428571428571
81	91	1.0
82	83	1.0
103	82	0.5714285714285714
107	82	0.9523809523809523
110	82	1.0
111	82	0.9047619047619048
83	84	1.0
83	85	1.0
83	86	1.0
111	83	1.0
84	85	1.0
85	86	1.0
86	87	1.0
86	90	1.0
86	91	0.8095238095238095
87	88	1.0
87	89	1.0
87	90	1.0
742	87	0.9523809523809523
88	89	1.0
88	91	0.9523809523809523
89	90	1.0
742	89	1.0
90	91	1.0
742	90	0.5238095238095238
91	92	1.0
91	93	1.0
92	93	1.0
118	92	0.38095238095238093
93	94	1.0
93	95	1.0
93	96	0.9047619047619048
94	95	1.0
95	96	1.0
95	97	1.0
96	97	1.0
97	98	1.0
98	99	1.0
100	99	1.0
101	99	1.0
100	101	1.0
101	102	1.0
101	103	0.23809523809523808
102	103	1.0
103	104	1.0
103	105	0.6190476190476191
104	105	1.0
105	106	1.0
105	110	0.8095238095238095
106	107	1.0
106	108	1.0
106	109	0.9523809523809523
106	110	0.9047619047619048
107	108	1.0
107	110	1.0
107	111	0.9523809523809523
108	109	1.0
108	111	0.9047619047619048
108	112	0.8095238095238095
109	110	1.0
109	112	1.0
109	113	0.9523809523809523
110	111	1.0
110	113	1.0
110	114	0.5714285714285714
111	112	1.0
111	114	0.9047619047619048
111	115	0.9047619047619048
112	113	1.0
112	115	1.0
112	116	0.9523809523809523
113	114	1.0
113	116	1.0
113	117	0.8571428571428571
113	124	0.6190476190476191
114	115	1.0
114	117	1.0
114	118	0.9523809523809523
115	116	1.0
115	118	1.0
115	119	0.9047619047619048
115	698	1.0
115	702	1.0
116	117	1.0
116	119	1.0
116	120	0.9523809523809523
116	124	0.5714285714285714
116	688	1.0
116	691	1.0
117	118	1.0
117	119	1.0
117	120	1.0
117	121	1.0
117	122	0.6666666666666666
117	123	0.5238095238095238
117	124	0.6190476190476191
118	119	1.0
118	121	1.0
118	702	1.0
118	705	0.9523809523809523
119	120	1.0
119	121	0.6666666666666666
119	691	1.0
119	698	0.9047619047619048
119	701	1.0
119	702	1.0
119	705	1.0
120	121	1.0
120	122	1.0
120	684	1.0
120	687	1.0
120	688	0.8095238095238095
120	691	0.6666666666666666
121	122	1.0
121	705	0.23809523809523808
122	123	1.0
122	126	0.8571428571428571
122	684	0.5238095238095238
123	124	1.0
123	125	1.0
123	126	0.9523809523809523
124	125	1.0
124	127	0.7619047619047619
124	688	0.5714285714285714
125	126	1.0
125	128	0.6666666666666666
126	127	1.0
126	129	0.38095238095238093
127	128	1.0
127	129	0.14285714285714285
127	130	0.38095238095238093
127	685	1.0
127	688	0.7142857142857143
128	129	1.0
128	130	0.42857142857142855
129	130	1.0
130	131	1.0
130	132	0.8095238095238095
130	135	1.0
130	136	0.9523809523809523
131	132	1.0
132	133	1.0
132	134	1.0
132	135	1.0
132	463	0.5714285714285714
133	134	1.0
133	136	1.0
133	137	0.9047619047619048
133	312	0.5714285714285714
133	313	0.42857142857142855
134	135	1.0
134	137	1.0
134	138	0.7619047619047619
135	136	1.0
135	138	1.0
135	139	0.9523809523809523
135	644	0.47619047619047616
136	137	1.0
136	138	0.14285714285714285
136	139	1.0
136	140	0.5714285714285714
136	312	0.42857142857142855
137	138	1.0
137	140	1.0
137	141	1.0
137	312	0.19047619047619047
137	431	0.14285714285714285
138	139	1.0
138	141	0.9523809523809523
138	142	1.0
138	644	1.0
138	645	1.0
139	140	1.0
139	142	0.9523809523809523
139	143	0.6666666666666666
139	307	0.8571428571428571
139	685	0.9523809523809523
139	689	0.19047619047619047
140	141	1.0
140	143	0.9523809523809523
140	144	0.7142857142857143
140	307	0.9523809523809523
141	142	1.0
141	144	1.0
141	145	0.2857142857142857
141	431	0.047619047619047616
141	645	1.0
142	143	1.0
142	145	1.0
142	146	0.7142857142857143
142	645	1.0
142	653	0.38095238095238093
142	686	0.5238095238095238
142	689	1.0
143	144	1.0
143	146	1.0
143	147	1.0
143	303	0.9523809523809523
143	304	0.19047619047619047
143	307	1.0
143	689	1.0
144	145	1.0
144	147	1.0
144	148	0.8095238095238095
145	146	1.0
145	148	1.0
145	149	0.9047619047619048
145	650	1.0
145	653	1.0
145	654	0.9523809523809523
146	147	1.0
146	149	1.0
146	150	0.9523809523809523
146	301	0.7619047619047619
146	657	0.9523809523809523
146	689	1.0
146	692	0.5238095238095238
146	693	1.0
147	148	1.0
147	151	0.8571428571428571
147	301	0.9047619047619048
147	303	0.38095238095238093
148	149	1.0
148	151	1.0
148	152	0.9523809523809523
148	654	0.5238095238095238
149	150	1.0
149	152	1.0
149	153	0.9047619047619048
149	654	1.0
149	657	1.0
149	658	1.0
149	693	0.5714285714285714
150	151	1.0
150	153	1.0
150	154	0.9047619047619048
150	299	0.38095238095238093
150	300	0.47619047619047616
150	301	1.0
150	657	0.9523809523809523
150	693	1.0
151	152	1.0
151	154	1.0
151	155	0.5714285714285714
152	153	1.0
152	155	0.9523809523809523
152	658	1.0
153	154	1.0
153	160	1.0
153	161	1.0
153	164	1.0
153	657	0.6666666666666666
153	658	1.0
154	155	1.0
154	157	1.0
154	160	0.8095238095238095
155	156	1.0
155	160	1.0
156	157	1.0
156	159	1.0
156	160	1.0
157	158	1.0
157	160	1.0
157	161	1.0
158	159	1.0
158	161	1.0
158	162	1.0
158	293	1.0
158	296	0.8571428571428571
159	160	1.0
159	162	1.0
159	163	1.0
160	161	1.0
160	163	1.0
160	164	0.5714285714285714
161	162	1.0
161	164	1.0
161	165	0.19047619047619047
161	296	0.9523809523809523
162	163	1.0
162	165	0.7142857142857143
162	166	1.0
162	261	1.0
162	292	0.8095238095238095
162	293	1.0
162	296	0.9523809523809523
163	164	1.0
163	166	0.7619047619047619
163	167	1.0
163	168	0.38095238095238093
163	261	0.8571428571428571
163	262	0.7142857142857143
164	165	1.0
164	167	0.3333333333333333
164	658	1.0
164	659	0.9523809523809523
164	660	1.0
165	166	1.0
165	296	0.42857142857142855
165	660	1.0
166	167	1.0
166	259	1.0
166	261	1.0
167	168	1.0
167	169	0.5714285714285714
167	624	1.0
167	659	1.0
167	660	0.42857142857142855
167	661	1.0
168	169	1.0
168	170	1.0
168	262	1.0
168	264	1.0
168	624	0.14285714285714285
169	170	1.0
169	269	0.7619047619047619
169	270	1.0
169	271	0.6666666666666666
169	624	0.2857142857142857
169	625	1.0
169	757	0.14285714285714285
170	171	1.0
170	264	1.0
170	268	1.0
170	269	1.0
170	270	0.9523809523809523
170	623	0.9523809523809523
170	625	0.42857142857142855
171	172	1.0
171	173	0.9523809523809523
171	268	1.0
171	270	1.0
171	273	1.0
172	173	1.0
172	623	1.0
173	174	1.0
173	175	1.0
174	175	1.0
174	213	0.2857142857142857
174	265	0.5714285714285714
174	268	1.0
175	176	1.0
176	177	1.0
176	180	1.0
176	181	0.9523809523809523
176	187	0.5238095238095238
176	212	0.5714285714285714
177	178	1.0
177	179	1.0
177	180	1.0
177	181	0.7142857142857143
177	824	0.2857142857142857
177	825	0.19047619047619047
177	827	1.0
178	179	1.0
178	181	1.0
178	182	1.0
178	827	0.19047619047619047
179	180	1.0
179	182	0.9523809523809523
179	827	0.47619047619047616
179	829	0.38095238095238093
180	181	1.0
180	183	1.0
180	277	0.3333333333333333
180	827	0.38095238095238093
181	182	1.0
181	184	0.8095238095238095
181	187	0.9523809523809523
182	183	1.0
183	184	1.0
184	185	1.0
184	187	1.0
184	188	0.9523809523809523
184	189	0.7619047619047619
185	186	1.0
185	187	0.9523809523809523
185	188	1.0
186	187	1.0
186	188	0.8095238095238095
187	188	1.0
187	211	0.42857142857142855
187	212	1.0
188	189	1.0
188	209	1.0
188	210	0.8095238095238095
188	211	1.0
189	190	1.0
189	191	1.0
189	210	0.9523809523809523
189	267	0.5714285714285714
189	276	0.6666666666666666
189	281	0.42857142857142855
190	191	1.0
190	207	0.8095238095238095
190	209	1.0
191	192	1.0
191	193	1.0
191	208	1.0
191	210	0.9523809523809523
191	219	0.47619047619047616
191	281	0.7619047619047619
191	284	0.9523809523809523
192	193	1.0
192	194	0.5714285714285714
192	205	0.9047619047619048
192	207	1.0
192	208	0.09523809523809523
192	283	1.0
192	284	0.7619047619047619
193	194	1.0
193	195	0.5238095238095238
193	205	0.5714285714285714
193	206	1.0
193	208	0.7619047619047619
193	223	1.0
193	284	1.0
193	285	0.2857142857142857
193	286	0.7142857142857143
194	195	1.0
194	203	0.9523809523809523
194	205	1.0
194	254	0.9523809523809523
194	283	0.7619047619047619
194	284	0.6190476190476191
194	285	1.0
194	788	0.9047619047619048
195	196	1.0
195	197	0.8571428571428571
195	203	0.47619047619047616
195	204	1.0
195	285	0.2857142857142857
195	286	1.0
196	197	1.0
196	198	0.38095238095238093
196	203	1.0
197	198	1.0
197	200	0.47619047619047616
197	202	0.7142857142857143
197	203	0.3333333333333333
197	204	0.9047619047619048
198	199	1.0
198	200	0.42857142857142855
199	200	1.0
200	201	1.0
200	202	0.6666666666666666
201	202	1.0
202	203	1.0
202	204	0.47619047619047616
203	204	1.0
204	205	1.0
205	206	1.0
205	207	0.47619047619047616
206	207	1.0
206	208	1.0
206	223	0.9047619047619048
206	226	1.0
206	227	0.6190476190476191
207	208	1.0
208	209	1.0
208	210	0.9523809523809523
208	219	0.5714285714285714
208	222	0.9523809523809523
208	223	0.6666666666666666
209	210	1.0
210	211	1.0
210	214	1.0
210	219	1.0
210	266	0.6190476190476191
211	212	1.0
211	213	1.0
211	214	1.0
212	213	1.0
212	265	0.5714285714285714
212	267	1.0
213	214	1.0
213	265	1.0
214	215	1.0
214	218	1.0
214	219	0.9523809523809523
214	265	0.8571428571428571
214	266	1.0
215	216	1.0
215	217	1.0
215	218	1.0
215	263	1.0
215	264	0.8571428571428571
215	265	1.0
215	266	0.5238095238095238
216	217	1.0
216	219	1.0
216	220	0.8571428571428571
216	251	1.0
216	260	1.0
216	266	0.9047619047619048
217	218	1.0
217	220	1.0
217	221	0.9047619047619048
217	246	1.0
217	247	0.47619047619047616
217	263	0.6666666666666666
218	219	1.0
218	221	1.0
218	222	0.9047619047619048
219	220	1.0
219	222	1.0
219	223	1.0
219	251	0.8571428571428571
219	266	0.7619047619047619
220	221	1.0
220	223	1.0
220	224	0.7142857142857143
220	246	1.0
220	249	1.0
220	251	1.0
220	286	0.8095238095238095
221	222	1.0
221	224	0.9523809523809523
221	225	1.0
221	242	1.0
221	246	1.0
222	223	1.0
222	225	1.0
222	226	1.0
223	224	1.0
223	226	1.0
223	227	0.9523809523809523
223	286	0.7619047619047619
224	225	1.0
224	227	1.0
224	228	0.9523809523809523
224	242	0.7619047619047619
224	245	1.0
224	246	0.5238095238095238
225	226	1.0
225	228	1.0
225	229	1.0
225	235	0.6190476190476191
225	242	0.7619047619047619
226	227	1.0
226	229	1.0
226	230	0.9523809523809523
227	228	1.0
227	230	1.0
227	231	0.9523809523809523
228	229	1.0
228	231	1.0
228	233	1.0
228	235	1.0
228	241	0.5714285714285714
229	230	1.0
229	235	0.6190476190476191
230	231	1.0
231	232	1.0
231	233	1.0
232	233	1.0
233	234	1.0
233	235	0.8095238095238095
233	241	0.2857142857142857
234	235	1.0
234	237	0.9523809523809523
234	238	0.6190476190476191
235	236	1.0
236	237	1.0
237	238	1.0
238	239	1.0
238	240	0.6190476190476191
238	241	0.5714285714285714
239	240	1.0
239	241	0.14285714285714285
239	242	0.9047619047619048
239	243	0.9047619047619048
240	241	1.0
240	243	1.0
240	244	0.9047619047619048
241	242	1.0
241	245	0.8095238095238095
242	243	1.0
242	245	0.8095238095238095
242	246	1.0
243	244	1.0
243	246	0.7142857142857143
244	245	1.0
245	246	1.0
245	248	1.0
246	247	1.0
246	249	0.2857142857142857
247	248	1.0
247	249	0.9047619047619048
247	289	0.8571428571428571
248	249	1.0
248	288	0.9523809523809523
248	289	1.0
249	250	1.0
249	286	1.0
249	287	0.8571428571428571
249	288	1.0
249	289	1.0
250	251	1.0
250	252	0.9523809523809523
250	259	0.9523809523809523
250	261	0.8571428571428571
250	286	0.14285714285714285
250	287	1.0
250	289	1.0
250	292	0.9523809523809523
251	252	1.0
251	260	1.0
251	284	1.0
251	286	0.9523809523809523
252	253	1.0
252	258	0.7619047619047619
252	259	1.0
252	284	0.6666666666666666
252	285	1.0
252	287	0.9523809523809523
253	254	1.0
253	255	1.0
253	256	1.0
253	258	1.0
253	271	0.9523809523809523
253	282	0.3333333333333333
253	284	0.9047619047619048
254	255	1.0
254	256	0.19047619047619047
254	282	0.3333333333333333
254	283	1.0
254	284	1.0
254	285	1.0
254	788	1.0
254	791	0.9047619047619048
254	792	0.9523809523809523
255	256	1.0
255	784	0.9047619047619048
255	786	1.0
255	788	1.0
255	789	0.9523809523809523
255	791	0.9047619047619048
255	792	1.0
256	257	1.0
256	258	1.0
256	757	1.0
256	758	0.9523809523809523
256	786	0.8571428571428571
256	792	0.6666666666666666
257	258	1.0
257	751	0.47619047619047616
257	757	1.0
257	758	0.7619047619047619
257	759	1.0
257	786	0.3333333333333333
258	259	1.0
258	271	0.9523809523809523
258	757	1.0
259	260	1.0
259	261	1.0
260	261	1.0
260	266	0.3333333333333333
260	269	1.0
261	262	1.0
262	263	1.0
262	264	1.0
263	264	1.0
264	265	1.0
264	268	1.0
264	269	0.9523809523809523
265	266	1.0
265	267	1.0
265	268	1.0
266	267	1.0
266	269	1.0
266	272	1.0
267	268	1.0
267	272	0.6666666666666666
267	273	0.47619047619047616
267	276	0.19047619047619047
268	269	1.0
268	273	0.5238095238095238
269	270	1.0
269	271	1.0
269	272	1.0
269	273	0.6666666666666666
270	271	1.0
270	273	1.0
270	274	1.0
270	625	0.9523809523809523
271	272	1.0
271	274	1.0
272	273	1.0
272	275	1.0
272	276	0.8095238095238095
272	282	0.8095238095238095
273	274	1.0
273	276	0.9523809523809523
273	277	0.9523809523809523
274	275	1.0
274	277	1.0
275	276	1.0
275	278	0.9523809523809523
275	280	1.0
275	281	0.9523809523809523
275	282	1.0
276	277	1.0
276	279	1.0
276	281	0.19047619047619047
277	278	1.0
277	824	0.8095238095238095
278	279	1.0
278	280	1.0
278	831	1.0
279	280	1.0
280	281	1.0
281	282	1.0
282	283	1.0
282	284	0.9047619047619048
282	792	0.09523809523809523
283	284	1.0
283	791	0.9047619047619048
283	792	0.2857142857142857
284	285	1.0
285	286	1.0
285	287	0.9523809523809523
285	788	1.0
286	287	1.0
287	288	1.0
287	291	0.8095238095238095
288	289	1.0
288	290	1.0
288	291	1.0
289	290	1.0
289	292	1.0
289	293	0.9523809523809523
290	291	1.0
290	293	1.0
290	294	1.0
291	292	1.0
292	293	1.0
292	295	0.8095238095238095
292	296	0.42857142857142855
293	294	1.0
293	296	0.8095238095238095
294	295	1.0
295	296	1.0
296	297	1.0
297	298	1.0
297	299	0.7142857142857143
297	695	0.42857142857142855
297	696	1.0
298	299	1.0
299	300	1.0
299	695	1.0
299	696	0.7142857142857143
300	301	1.0
301	302	1.0
301	693	0.9523809523809523
302	303	1.0
303	304	1.0
303	307	1.0
303	308	1.0
304	305	1.0
304	306	1.0
304	307	1.0
305	306	1.0
305	308	1.0
306	307	1.0
307	308	1.0
308	309	1.0
309	310	1.0
309	311	0.42857142857142855
309	312	0.19047619047619047
310	311	1.0
311	312	1.0
311	314	0.2857142857142857
312	313	1.0
313	314	1.0
314	315	1.0
314	316	0.3333333333333333
315	316	1.0
316	317	1.0
316	322	0.047619047619047616
316	482	0.42857142857142855
317	318	1.0
317	319	0.6190476190476191
317	322	0.5714285714285714
318	319	1.0
318	322	0.42857142857142855
318	323	0.23809523809523808
318	482	0.23809523809523808
318	484	0.047619047619047616
319	320	1.0
319	321	0.8095238095238095
319	322	0.7619047619047619
319	323	0.5238095238095238
320	321	1.0
320	323	0.5714285714285714
321	322	1.0
322	323	1.0
322	481	0.9523809523809523
322	482	0.7619047619047619
323	324	1.0
323	481	0.9047619047619048
323	482	1.0
323	483	0.09523809523809523
323	484	1.0
324	325	1.0
324	328	0.8095238095238095
324	479	0.47619047619047616
324	481	1.0
324	483	1.0
325	326	1.0
325	327	1.0
325	328	1.0
325	486	1.0
326	327	1.0
326	329	1.0
326	392	0.9523809523809523
326	393	1.0
326	435	0.9047619047619048
326	483	1.0
326	485	1.0
326	486	1.0
327	328	1.0
327	393	1.0
327	486	1.0
328	329	1.0
329	330	1.0
329	331	1.0
329	392	1.0
329	393	0.9523809523809523
329	479	0.9047619047619048
329	483	0.9047619047619048
330	331	1.0
331	332	1.0
331	392	1.0
332	333	1.0
332	334	0.38095238095238093
332	387	0.6666666666666666
332	388	0.5714285714285714
332	390	0.9523809523809523
332	391	1.0
332	392	0.8571428571428571
333	334	1.0
333	335	0.23809523809523808
333	388	1.0
333	390	1.0
333	392	1.0
333	395	0.9047619047619048
334	335	1.0
334	385	1.0
334	386	0.9523809523809523
334	387	1.0
334	477	1.0
335	336	1.0
335	386	1.0
335	401	0.8095238095238095
335	474	0.8571428571428571
335	476	1.0
336	337	1.0
336	338	1.0
336	385	1.0
336	474	0.9523809523809523
336	475	1.0
337	338	1.0
337	355	1.0
337	372	1.0
337	382	1.0
337	384	1.0
337	386	0.9523809523809523
337	474	0.9047619047619048
338	339	1.0
338	382	0.7142857142857143
338	383	1.0
338	473	1.0
338	474	1.0
338	475	1.0
339	340	1.0
339	380	1.0
339	381	1.0
339	382	0.6666666666666666
339	473	1.0
340	341	1.0
340	342	0.47619047619047616
340	343	0.5238095238095238
340	380	1.0
340	405	1.0
340	470	0.9523809523809523
340	472	1.0
341	342	1.0
341	470	0.9523809523809523
341	471	1.0
342	343	1.0
342	344	0.2857142857142857
342	380	0.47619047619047616
342	470	0.7619047619047619
343	344	1.0
343	345	0.8571428571428571
343	353	0.8571428571428571
343	377	0.6666666666666666
343	380	0.8571428571428571
343	405	0.42857142857142855
343	421	0.8571428571428571
343	470	0.8571428571428571
344	345	1.0
344	421	0.42857142857142855
345	346	1.0
345	347	0.6666666666666666
345	350	0.8571428571428571
345	353	0.42857142857142855
345	377	0.9047619047619048
345	407	0.8571428571428571
345	421	0.5238095238095238
346	347	1.0
346	348	1.0
346	349	1.0
346	350	1.0
347	348	1.0
347	350	0.7619047619047619
347	377	0.7142857142857143
348	349	1.0
349	350	1.0
349	409	1.0
350	351	1.0
350	377	1.0
350	407	1.0
350	409	1.0
351	352	1.0
351	408	0.9047619047619048
351	409	0.9047619047619048
351	410	0.9047619047619048
352	353	1.0
352	354	0.8571428571428571
352	374	1.0
352	375	1.0
352	377	0.3333333333333333
352	407	0.2857142857142857
352	408	1.0
353	354	1.0
353	374	0.2857142857142857
353	375	1.0
353	377	1.0
353	380	1.0
353	405	0.8095238095238095
353	407	1.0
354	355	1.0
354	356	0.7142857142857143
354	371	1.0
354	372	1.0
354	373	0.9047619047619048
354	374	1.0
354	375	0.6190476190476191
354	406	1.0
354	408	0.47619047619047616
355	356	1.0
355	357	1.0
355	372	1.0
355	382	1.0
355	403	0.9047619047619048
355	404	0.38095238095238093
355	405	1.0
355	406	0.9523809523809523
355	472	0.23809523809523808
356	357	1.0
356	369	0.9047619047619048
356	371	1.0
356	403	0.5714285714285714
356	404	1.0
356	406	1.0
356	454	1.0
356	455	1.0
357	358	1.0
357	369	0.9523809523809523
357	370	1.0
357	386	1.0
357	401	0.8571428571428571
357	402	0.38095238095238093
357	403	1.0
358	359	1.0
358	360	0.9047619047619048
358	365	0.7619047619047619
358	369	1.0
358	370	1.0
358	401	0.9523809523809523
358	402	1.0
358	403	0.47619047619047616
359	360	1.0
359	365	0.42857142857142855
359	366	1.0
359	367	1.0
359	388	1.0
359	390	0.9047619047619048
359	399	1.0
359	400	0.23809523809523808
359	401	1.0
360	361	1.0
360	362	0.8571428571428571
360	363	0.9523809523809523
360	364	0.8571428571428571
360	365	1.0
360	366	0.9047619047619048
360	399	0.8095238095238095
360	400	1.0
360	402	1.0
360	457	1.0
361	362	1.0
361	366	1.0
361	396	1.0
361	398	0.9523809523809523
361	399	1.0
361	573	1.0
362	363	1.0
362	364	1.0
362	603	0.47619047619047616
362	604	0.47619047619047616
362	606	1.0
363	364	1.0
363	458	0.8095238095238095
363	603	0.47619047619047616
363	604	0.38095238095238093
364	365	1.0
365	366	1.0
365	367	1.0
365	368	0.09523809523809523
365	369	0.38095238095238093
366	367	1.0
366	390	0.8571428571428571
366	399	0.9523809523809523
366	573	0.5714285714285714
367	368	1.0
367	388	1.0
367	389	0.9523809523809523
367	390	1.0
368	369	1.0
368	389	0.8095238095238095
369	370	1.0
370	371	1.0
370	386	1.0
370	388	0.6666666666666666
371	372	1.0
372	373	1.0
372	382	1.0
372	384	1.0
372	386	0.38095238095238093
373	374	1.0
373	375	0.9523809523809523
373	382	0.9047619047619048
373	384	0.9047619047619048
374	375	1.0
374	408	0.8571428571428571
375	376	1.0
375	381	0.6666666666666666
375	382	0.9047619047619048
376	377	1.0
376	378	1.0
376	379	1.0
377	378	1.0
378	379	1.0
379	380	1.0
379	381	1.0
380	381	1.0
381	382	1.0
381	383	0.9523809523809523
382	383	1.0
382	384	1.0
383	384	1.0
384	385	1.0
384	386	0.7619047619047619
385	386	1.0
385	387	1.0
386	387	1.0
387	388	1.0
388	389	1.0
388	390	1.0
389	390	1.0
390	391	1.0
390	394	0.6666666666666666
390	395	1.0
391	392	1.0
391	393	1.0
391	394	1.0
392	393	1.0
392	395	1.0
393	394	1.0
393	576	1.0
394	395	1.0
394	575	1.0
394	576	1.0
395	396	1.0
395	399	0.9523809523809523
396	397	1.0
396	398	1.0
396	399	1.0
396	573	1.0
396	579	0.8571428571428571
397	398	1.0
397	429	1.0
397	433	0.7142857142857143
397	485	1.0
398	399	1.0
398	606	1.0
398	607	1.0
398	608	0.7619047619047619
399	400	1.0
399	428	1.0
400	401	1.0
400	402	1.0
400	425	1.0
400	426	0.9047619047619048
400	427	0.9523809523809523
400	428	0.9047619047619048
400	461	1.0
400	642	0.9047619047619048
401	402	1.0
401	403	1.0
401	426	1.0
401	428	1.0
402	403	1.0
402	424	0.6190476190476191
402	425	1.0
402	455	1.0
402	457	1.0
403	404	1.0
403	424	1.0
404	405	1.0
404	406	1.0
404	420	1.0
404	422	0.7619047619047619
404	423	1.0
404	424	0.6190476190476191
404	454	1.0
404	455	1.0
405	406	1.0
405	421	1.0
405	422	1.0
406	407	1.0
406	408	0.38095238095238093
406	418	1.0
406	419	0.5238095238095238
406	420	1.0
406	421	1.0
406	454	1.0
407	408	1.0
407	409	0.5714285714285714
407	419	1.0
407	421	1.0
408	409	1.0
408	416	1.0
408	418	1.0
409	410	1.0
409	416	0.6666666666666666
409	417	1.0
410	411	1.0
410	416	1.0
410	417	0.8571428571428571
411	412	1.0
411	413	0.7619047619047619
411	414	0.8095238095238095
411	415	0.47619047619047616
411	416	0.5238095238095238
411	417	0.6666666666666666
412	413	1.0
412	414	0.6190476190476191
413	414	1.0
414	415	1.0
415	416	1.0
416	417	1.0
416	418	0.6666666666666666
417	418	1.0
417	419	0.2857142857142857
418	419	1.0
418	454	0.7619047619047619
419	420	1.0
420	421	1.0
420	423	1.0
420	447	1.0
420	451	0.6190476190476191
420	454	1.0
421	422	1.0
422	423	1.0
422	444	1.0
422	445	1.0
422	469	0.8571428571428571
422	470	1.0
423	424	1.0
423	444	1.0
423	445	1.0
423	447	1.0
423	455	0.8571428571428571
423	456	1.0
424	425	1.0
424	426	0.42857142857142855
424	442	0.7142857142857143
424	444	1.0
424	445	1.0
424	456	0.42857142857142855
425	426	1.0
425	457	1.0
425	459	1.0
425	461	1.0
425	462	0.9523809523809523
426	427	1.0
426	442	0.9047619047619048
426	461	0.9523809523809523
426	462	1.0
426	463	0.19047619047619047
427	428	1.0
427	429	1.0
427	430	0.42857142857142855
427	461	0.9523809523809523
427	642	1.0
428	429	1.0
428	436	1.0
429	430	1.0
429	433	0.9523809523809523
429	434	0.8095238095238095
429	435	1.0
429	485	0.8095238095238095
430	431	1.0
430	432	1.0
430	434	1.0
431	432	1.0
431	643	0.7619047619047619
431	645	0.19047619047619047
432	433	1.0
432	434	1.0
433	434	1.0
433	484	1.0
433	485	1.0
434	435	1.0
434	484	1.0
435	436	1.0
435	437	0.8571428571428571
435	483	1.0
435	484	0.5238095238095238
436	437	1.0
436	476	1.0
437	438	1.0
437	476	1.0
437	478	0.7142857142857143
438	439	1.0
438	475	1.0
438	476	1.0
439	440	1.0
439	473	0.38095238095238093
439	475	1.0
440	441	1.0
440	442	0.9047619047619048
440	474	1.0
441	442	1.0
441	471	1.0
441	473	1.0
442	443	1.0
442	444	0.9523809523809523
442	463	1.0
442	471	0.8571428571428571
442	472	1.0
442	474	0.7619047619047619
443	444	1.0
443	463	1.0
443	464	1.0
443	467	0.19047619047619047
443	469	0.9047619047619048
443	471	1.0
444	445	1.0
444	464	1.0
444	469	1.0
444	470	1.0
444	471	0.7142857142857143
444	472	1.0
445	446	1.0
445	464	1.0
445	469	0.6190476190476191
446	447	1.0
446	469	0.9523809523809523
447	448	1.0
447	451	0.8571428571428571
447	456	0.23809523809523808
448	449	1.0
448	450	0.8571428571428571
448	451	0.8571428571428571
449	450	1.0
450	451	1.0
451	452	1.0
451	453	1.0
451	456	0.42857142857142855
452	453	1.0
453	454	1.0
453	455	0.7619047619047619
453	456	0.23809523809523808
454	455	1.0
455	456	1.0
455	457	1.0
456	457	1.0
456	458	0.7142857142857143
456	459	1.0
457	458	1.0
457	459	0.6190476190476191
458	459	1.0
458	603	0.38095238095238093
459	460	1.0
460	461	1.0
460	462	1.0
460	640	0.047619047619047616
460	678	1.0
461	462	1.0
461	642	1.0
462	463	1.0
463	464	1.0
464	465	1.0
464	466	1.0
464	469	1.0
465	466	1.0
465	681	1.0
466	467	1.0
466	468	1.0
466	469	0.7619047619047619
466	677	0.6666666666666666
467	468	1.0
468	469	1.0
469	470	1.0
470	471	1.0
471	472	1.0
472	473	1.0
472	474	0.9047619047619048
473	474	1.0
474	475	1.0
475	476	1.0
476	477	1.0
477	478	1.0
477	479	0.5714285714285714
478	479	1.0
479	480	1.0
479	481	1.0
479	483	0.9523809523809523
480	481	1.0
481	482	1.0
482	483	1.0
482	484	0.9523809523809523
483	484	1.0
484	485	1.0
485	486	1.0
486	487	1.0
486	490	1.0
486	491	1.0
487	488	1.0
487	489	1.0
487	490	1.0
488	489	1.0
488	491	1.0
488	492	1.0
489	490	1.0
489	492	1.0
490	491	1.0
490	493	1.0
491	492	1.0
491	494	1.0
491	495	1.0
491	580	1.0
491	583	1.0
492	493	1.0
492	495	1.0
492	496	1.0
492	584	1.0
493	494	1.0
493	495	0.14285714285714285
493	496	1.0
493	497	1.0
494	495	1.0
494	497	1.0
494	498	1.0
494	580	1.0
495	496	1.0
495	498	1.0
495	580	1.0
495	581	1.0
495	584	1.0
496	497	1.0
496	499	1.0
496	500	0.8095238095238095
497	498	1.0
497	500	1.0
497	501	0.9523809523809523
498	499	1.0
498	501	1.0
498	502	0.7619047619047619
498	577	1.0
498	580	0.9523809523809523
498	581	1.0
499	500	1.0
499	502	1.0
499	503	0.8095238095238095
499	581	0.6666666666666666
500	501	1.0
500	503	0.8571428571428571
501	502	1.0
502	503	1.0
502	504	0.8571428571428571
502	505	0.8095238095238095
502	506	0.8571428571428571
502	516	0.38095238095238093
503	504	1.0
503	506	0.8571428571428571
504	505	1.0
504	506	1.0
504	507	0.6666666666666666
504	508	0.5238095238095238
505	506	1.0
505	509	0.7619047619047619
505	516	0.2857142857142857
506	507	1.0
506	516	0.8571428571428571
506	518	0.42857142857142855
507	508	1.0
508	509	1.0
509	510	1.0
509	511	0.7142857142857143
509	513	0.42857142857142855
509	516	0.6666666666666666
510	511	1.0
511	512	1.0
511	513	0.7619047619047619
512	513	1.0
512	514	0.19047619047619047
513	514	1.0
513	516	0.9523809523809523
513	517	0.09523809523809523
514	515	1.0
514	517	0.5714285714285714
514	545	0.9047619047619048
514	548	1.0
514	549	0.7142857142857143
515	516	1.0
515	548	1.0
515	551	0.7619047619047619
515	552	1.0
516	517	1.0
516	552	0.7142857142857143
517	518	1.0
517	521	0.38095238095238093
517	549	0.47619047619047616
517	552	1.0
517	553	0.6666666666666666
518	519	1.0
518	520	0.9047619047619048
518	521	0.8571428571428571
519	520	1.0
519	522	0.9523809523809523
519	553	0.9047619047619048
519	556	1.0
520	521	1.0
521	522	1.0
522	523	1.0
522	526	1.0
522	527	0.8571428571428571
522	553	0.7619047619047619
523	524	1.0
523	525	1.0
523	526	1.0
524	525	1.0
524	527	1.0
524	528	0.8095238095238095
525	526	1.0
525	528	1.0
525	529	0.9047619047619048
526	527	1.0
526	529	1.0
526	530	0.6666666666666666
527	528	1.0
527	530	1.0
527	531	0.6190476190476191
528	529	1.0
528	531	1.0
528	532	1.0
529	530	1.0
529	532	1.0
529	533	0.6666666666666666
530	531	1.0
530	533	1.0
530	553	0.7619047619047619
530	557	0.7142857142857143
530	560	0.9047619047619048
530	563	0.8571428571428571
531	532	1.0
531	534	1.0
531	535	0.9047619047619048
531	560	0.9523809523809523
532	533	1.0
532	535	1.0
533	534	1.0
533	536	1.0
533	542	0.6190476190476191
533	546	0.9047619047619048
533	550	0.8095238095238095
533	563	0.5714285714285714
533	566	1.0
534	535	1.0
534	560	0.9047619047619048
534	562	1.0
534	563	1.0
534	566	0.8571428571428571
535	536	1.0
536	537	1.0
536	540	1.0
536	542	0.42857142857142855
536	566	0.42857142857142855
537	538	1.0
537	539	1.0
537	540	1.0
537	994	1.0
537	995	1.0
537	998	1.0
1022	537	0.47619047619047616
1027	537	1.0
538	539	1.0
538	599	1.0
538	602	0.9047619047619048
538	995	0.8571428571428571
538	998	1.0
538	999	1.0
1002	538	1.0
539	540	1.0
539	998	1.0
1002	539	0.23809523809523808
1015	539	0.9523809523809523
1018	539	1.0
1019	539	0.23809523809523808
1022	539	1.0
540	541	1.0
541	542	1.0
541	543	0.6190476190476191
542	543	1.0
542	546	1.0
542	547	1.0
542	566	0.7619047619047619
542	569	0.8095238095238095
543	544	1.0
543	545	1.0
543	546	1.0
544	545	1.0
544	547	1.0
545	546	1.0
545	548	1.0
545	549	1.0
546	547	1.0
546	549	1.0
546	550	1.0
547	548	1.0
547	550	1.0
547	551	0.9523809523809523
547	569	0.7619047619047619
547	570	1.0
548	549	1.0
548	551	1.0
548	552	1.0
549	550	1.0
549	552	1.0
550	551	1.0
550	552	0.19047619047619047
550	553	0.9523809523809523
550	554	0.47619047619047616
550	566	1.0
550	567	1.0
550	570	1.0
551	552	1.0
551	554	1.0
551	570	1.0
552	553	1.0
553	554	1.0
553	556	1.0
553	557	1.0
554	555	1.0
554	557	1.0
554	567	1.0
554	585	1.0
555	556	1.0
555	585	0.14285714285714285
556	557	1.0
556	559	1.0
557	558	1.0
557	559	0.5714285714285714
557	560	1.0
557	563	1.0
557	567	1.0
558	559	1.0
558	561	1.0
558	589	1.0
558	590	0.8095238095238095
559	560	1.0
560	561	1.0
560	562	1.0
560	563	1.0
561	562	1.0
561	564	1.0
561	589	1.0
561	590	1.0
561	592	1.0
562	563	1.0
562	564	0.5238095238095238
562	592	0.9523809523809523
562	596	1.0
563	564	1.0
563	566	1.0
563	567	1.0
564	565	1.0
564	567	1.0
564	568	1.0
564	589	1.0
564	592	0.5238095238095238
565	566	1.0
565	568	1.0
565	599	1.0
565	600	1.0
565	605	0.38095238095238093
566	567	1.0
566	569	1.0
567	568	1.0
567	570	1.0
568	569	1.0
568	570	0.23809523809523808
568	571	1.0
568	582	0.47619047619047616
568	604	0.09523809523809523
568	605	0.9047619047619048
568	610	0.9523809523809523
569	570	1.0
569	604	0.38095238095238093
570	571	1.0
571	572	1.0
571	573	1.0
571	578	1.0
571	579	0.9523809523809523
571	582	1.0
572	573	1.0
572	574	1.0
572	578	0.8095238095238095
573	574	1.0
573	578	0.14285714285714285
573	579	1.0
574	575	1.0
575	576	1.0
575	577	1.0
575	578	1.0
576	577	1.0
576	579	1.0
576	580	1.0
577	578	1.0
577	580	1.0
577	581	0.8571428571428571
578	579	1.0
578	581	1.0
578	582	1.0
579	580	1.0
579	582	1.0
579	583	0.9523809523809523
580	581	1.0
580	583	1.0
580	584	0.9523809523809523
581	582	1.0
581	584	1.0
581	585	0.9523809523809523
582	583	1.0
582	585	1.0
582	586	0.9523809523809523
583	584	1.0
583	586	1.0
583	587	0.9523809523809523
583	609	1.0
584	585	1.0
584	587	0.9523809523809523
585	586	1.0
585	588	0.5238095238095238
585	589	1.0
586	587	1.0
586	589	1.0
586	609	1.0
586	610	0.9047619047619048
586	613	1.0
587	588	1.0
588	589	1.0
589	590	1.0
590	591	1.0
591	592	1.0
591	617	1.0
592	593	1.0
592	596	1.0
592	597	1.0
592	617	1.0
593	594	1.0
593	595	1.0
593	596	1.0
593	597	0.7142857142857143
594	595	1.0
594	597	1.0
594	617	0.9047619047619048
594	618	1.0
594	621	1.0
594	622	1.0
595	596	1.0
595	598	0.8095238095238095
595	996	1.0
596	597	1.0
596	599	1.0
596	996	0.047619047619047616
597	598	1.0
597	599	0.14285714285714285
597	600	1.0
597	614	1.0
597	617	1.0
597	618	1.0
598	599	1.0
598	601	1.0
598	999	1.0
599	600	1.0
599	602	1.0
599	999	1.0
600	601	1.0
600	602	0.2857142857142857
600	605	1.0
600	610	1.0
600	613	0.8571428571428571
600	614	1.0
601	602	1.0
601	614	1.0
601	637	1.0
1003	601	0.5238095238095238
602	603	1.0
602	604	1.0
602	605	0.7619047619047619
1002	602	1.0
603	604	1.0
603	606	0.19047619047619047
603	640	0.9523809523809523
604	605	1.0
605	606	1.0
605	610	1.0
606	607	1.0
606	611	0.14285714285714285
606	642	0.6190476190476191
607	608	1.0
607	609	1.0
607	610	1.0
607	611	0.7619047619047619
608	609	1.0
608	611	1.0
608	612	1.0
608	647	0.8571428571428571
609	610	1.0
609	612	0.9523809523809523
609	613	0.8571428571428571
610	611	1.0
610	612	0.9523809523809523
610	613	1.0
610	614	0.9047619047619048
611	612	1.0
611	614	1.0
611	615	1.0
611	646	0.2857142857142857
611	647	1.0
611	648	0.5714285714285714
612	613	1.0
612	614	1.0
612	615	1.0
612	616	1.0
612	647	1.0
613	614	1.0
613	616	1.0
613	617	0.8571428571428571
614	615	1.0
614	617	0.9523809523809523
614	618	0.6190476190476191
615	616	1.0
615	618	1.0
615	619	1.0
615	647	1.0
615	648	1.0
615	651	1.0
616	617	1.0
616	619	1.0
616	620	0.8095238095238095
617	618	1.0
617	620	1.0
617	621	1.0
618	619	1.0
618	622	1.0
618	651	0.6666666666666666
619	620	1.0
619	651	0.9047619047619048
620	621	1.0
621	622	1.0
622	623	1.0
622	626	1.0
622	627	1.0
623	624	1.0
623	625	1.0
623	626	1.0
623	627	0.42857142857142855
624	625	1.0
624	627	1.0
624	628	1.0
624	659	1.0
624	662	1.0
625	626	1.0
625	628	1.0
626	627	1.0
626	629	1.0
626	630	1.0
627	628	1.0
627	630	1.0
627	655	1.0
627	662	1.0
628	629	1.0
628	631	0.9523809523809523
628	661	1.0
628	662	1.0
628	665	1.0
629	630	1.0
629	814	0.9523809523809523
629	817	1.0
630	631	1.0
630	632	0.42857142857142855
630	633	1.0
630	634	1.0
631	632	1.0
631	634	1.0
631	635	0.7619047619047619
631	665	1.0
631	666	1.0
631	669	1.0
632	633	1.0
632	669	1.0
632	811	0.7142857142857143
632	814	1.0
633	634	1.0
633	636	1.0
633	637	0.8571428571428571
1000	633	1.0
1003	633	1.0
1004	633	1.0
634	635	1.0
634	637	1.0
634	638	0.8571428571428571
634	648	0.8095238095238095
634	652	1.0
635	636	1.0
635	638	1.0
635	639	0.09523809523809523
635	669	1.0
635	670	1.0
635	673	0.9523809523809523
636	637	1.0
636	639	1.0
1003	636	1.0
1004	636	1.0
1006	636	1.0
1007	636	1.0
637	638	1.0
637	640	1.0
637	641	0.8571428571428571
637	648	0.7619047619047619
1003	637	1.0
638	639	1.0
638	641	1.0
638	648	0.7619047619047619
638	649	0.9523809523809523
639	640	1.0
639	678	0.23809523809523808
639	679	0.9047619047619048
1006	639	1.0
640	641	1.0
641	642	1.0
641	643	1.0
641	646	1.0
641	648	0.9047619047619048
642	643	1.0
643	644	1.0
643	645	0.9047619047619048
643	646	1.0
644	645	1.0
644	682	0.7142857142857143
645	646	1.0
645	649	0.9047619047619048
645	650	0.9523809523809523
646	647	1.0
646	648	1.0
646	649	1.0
646	650	0.42857142857142855
647	648	1.0
647	650	1.0
647	651	0.9047619047619048
648	649	1.0
648	651	1.0
648	652	1.0
649	650	1.0
649	652	1.0
649	653	1.0
650	651	1.0
650	653	0.9523809523809523
650	654	0.9047619047619048
651	652	1.0
651	654	1.0
651	655	0.9523809523809523
652	653	1.0
652	655	1.0
652	656	1.0
652	666	0.9523809523809523
653	654	1.0
653	656	1.0
653	657	1.0
653	690	0.8571428571428571
654	655	1.0
654	657	1.0
654	658	0.9523809523809523
655	656	1.0
655	658	1.0
655	659	1.0
655	662	1.0
656	657	1.0
656	659	0.42857142857142855
656	662	1.0
656	663	1.0
656	666	1.0
656	690	0.9047619047619048
657	658	1.0
657	693	1.0
657	694	0.7619047619047619
658	659	1.0
659	660	1.0
659	661	1.0
659	662	1.0
659	663	0.8095238095238095
660	661	1.0
660	663	1.0
660	664	1.0
660	697	1.0
661	662	1.0
661	663	0.9523809523809523
661	664	1.0
661	665	0.42857142857142855
661	756	1.0
661	757	0.19047619047619047
662	663	1.0
662	665	1.0
662	666	1.0
663	664	1.0
663	665	1.0
663	666	1.0
663	667	1.0
663	694	0.5714285714285714
664	665	1.0
664	667	1.0
664	668	0.8571428571428571
664	756	0.8571428571428571
665	666	1.0
665	668	1.0
665	669	1.0
666	667	1.0
666	669	0.7619047619047619
666	670	1.0
667	668	1.0
667	670	1.0
667	671	1.0
667	687	0.9523809523809523
667	690	0.9047619047619048
667	701	0.9523809523809523
668	669	1.0
668	671	1.0
668	672	1.0
668	838	1.0
668	840	1.0
669	670	1.0
669	672	1.0
669	673	0.47619047619047616
670	671	1.0
670	673	1.0
670	674	0.9523809523809523
670	683	1.0
670	686	0.9523809523809523
670	687	1.0
671	672	1.0
671	674	1.0
671	687	0.8571428571428571
672	673	1.0
672	839	1.0
672	840	1.0
672	841	1.0
673	674	1.0
673	675	0.23809523809523808
673	676	1.0
673	679	0.9047619047619048
673	683	0.9047619047619048
674	675	1.0
674	679	0.6190476190476191
674	680	1.0
674	683	1.0
674	684	1.0
675	676	1.0
675	680	0.38095238095238093
675	842	1.0
676	677	1.0
676	678	1.0
676	679	1.0
676	680	0.8571428571428571
677	678	1.0
677	680	1.0
678	679	1.0
679	680	1.0
679	682	1.0
679	683	1.0
680	681	1.0
680	683	0.9047619047619048
680	684	0.9047619047619048
681	682	1.0
681	684	1.0
681	685	0.9523809523809523
682	683	1.0
682	685	0.9523809523809523
682	686	0.5714285714285714
683	684	1.0
683	686	1.0
683	687	1.0
684	685	1.0
684	686	1.0
684	687	1.0
684	688	1.0
685	686	1.0
685	688	1.0
685	689	1.0
686	687	1.0
686	689	1.0
686	690	1.0
687	688	1.0
687	690	1.0
687	691	1.0
688	689	1.0
688	691	1.0
689	690	1.0
689	692	1.0
689	693	0.8571428571428571
690	691	1.0
690	693	1.0
690	694	1.0
691	692	1.0
691	694	1.0
691	698	1.0
692	693	1.0
693	694	1.0
694	695	1.0
694	697	1.0
694	698	1.0
695	696	1.0
695	697	1.0
695	698	0.9523809523809523
696	697	1.0
696	698	0.7619047619047619
696	699	1.0
697	698	1.0
697	700	1.0
697	701	1.0
698	699	1.0
698	701	1.0
698	702	1.0
699	700	1.0
699	702	1.0
699	703	0.8095238095238095
700	701	1.0
700	703	1.0
700	704	1.0
700	750	0.7142857142857143
700	751	0.8095238095238095
701	702	1.0
701	704	1.0
701	705	1.0
702	703	1.0
702	705	1.0
702	706	0.8571428571428571
703	704	1.0
703	706	1.0
703	707	1.0
703	746	0.9523809523809523
703	750	0.8571428571428571
704	705	1.0
704	707	1.0
704	708	0.9523809523809523
704	750	0.8571428571428571
704	753	0.9523809523809523
705	706	1.0
705	708	1.0
705	709	1.0
706	707	1.0
706	709	1.0
706	710	0.9047619047619048
706	746	1.0
707	708	1.0
707	710	1.0
707	711	0.8095238095238095
707	746	1.0
707	747	1.0
708	709	1.0
708	711	1.0
708	712	0.9523809523809523
708	840	1.0
709	710	1.0
709	712	1.0
709	713	1.0
710	711	1.0
710	713	1.0
710	714	1.0
710	743	1.0
710	746	1.0
710	747	0.9523809523809523
711	712	1.0
711	714	0.9523809523809523
711	715	0.9523809523809523
711	800	1.0
712	713	1.0
712	715	1.0
712	716	1.0
712	802	1.0
712	844	1.0
713	714	1.0
713	716	1.0
714	715	1.0
714	717	1.0
714	734	0.9047619047619048
714	737	0.8571428571428571
714	738	0.8095238095238095
714	778	0.8095238095238095
715	716	1.0
715	718	1.0
715	778	1.0
715	800	0.9047619047619048
715	802	1.0
716	717	1.0
716	719	0.9523809523809523
716	802	0.9523809523809523
717	718	1.0
717	719	0.14285714285714285
717	721	1.0
717	722	1.0
718	719	1.0
718	722	0.9523809523809523
718	730	0.8095238095238095
718	776	0.9523809523809523
718	802	0.09523809523809523
719	720	1.0
720	721	1.0
720	723	0.9047619047619048
721	722	1.0
722	723	1.0
722	725	0.8571428571428571
722	730	0.9523809523809523
722	733	0.9047619047619048
723	724	1.0
724	725	1.0
725	726	1.0
725	729	1.0
725	730	1.0
726	727	1.0
726	728	1.0
726	729	1.0
726	730	0.6666666666666666
727	728	1.0
727	730	1.0
727	770	1.0
727	772	0.8571428571428571
728	729	1.0
728	731	0.9523809523809523
728	732	0.9047619047619048
729	730	1.0
729	732	1.0
730	731	1.0
730	733	1.0
730	734	0.8571428571428571
730	770	0.9523809523809523
731	732	1.0
731	734	1.0
731	735	0.9523809523809523
731	768	0.47619047619047616
731	769	1.0
731	770	1.0
732	733	1.0
732	735	1.0
732	736	0.2857142857142857
733	734	1.0
733	736	0.9523809523809523
734	735	1.0
734	737	1.0
734	738	1.0
735	736	1.0
735	738	1.0
735	739	1.0
735	765	1.0
736	737	1.0
736	739	1.0
737	738	1.0
737	740	0.9523809523809523
737	743	0.42857142857142855
738	739	1.0
738	743	1.0
738	765	0.8571428571428571
739	740	1.0
739	744	0.8095238095238095
739	765	0.7619047619047619
740	741	1.0
740	742	1.0
740	743	1.0
740	744	0.5714285714285714
741	742	1.0
741	744	1.0
741	745	0.9523809523809523
742	743	1.0
742	745	1.0
742	746	0.9523809523809523
743	744	1.0
743	746	1.0
743	747	1.0
744	745	1.0
744	747	0.6666666666666666
744	748	1.0
745	746	1.0
746	747	1.0
747	748	1.0
747	763	1.0
748	749	1.0
748	750	0.2857142857142857
748	761	1.0
748	762	1.0
748	763	1.0
749	750	1.0
749	759	0.5238095238095238
749	760	1.0
749	761	1.0
749	762	0.3333333333333333
749	785	0.8571428571428571
750	751	1.0
750	759	0.2857142857142857
750	760	1.0
751	752	1.0
751	756	0.9047619047619048
751	759	1.0
752	753	1.0
752	754	1.0
752	755	1.0
752	756	0.42857142857142855
752	758	1.0
752	759	0.5238095238095238
752	760	1.0
753	754	1.0
753	838	0.9523809523809523
754	755	1.0
754	836	1.0
754	838	1.0
754	846	0.5238095238095238
754	848	1.0
755	756	1.0
755	757	1.0
755	758	1.0
756	757	1.0
757	758	1.0
758	759	1.0
759	760	1.0
759	761	0.9523809523809523
759	785	1.0
759	786	0.9047619047619048
760	761	1.0
760	782	1.0
761	762	1.0
761	782	1.0
761	783	1.0
761	784	0.6666666666666666
761	785	1.0
762	763	1.0
762	783	1.0
763	764	1.0
763	765	0.9523809523809523
763	782	1.0
764	765	1.0
764	766	1.0
764	767	1.0
764	768	0.8095238095238095
764	781	1.0
764	782	0.9047619047619048
765	766	1.0
765	768	1.0
766	767	1.0
767	768	1.0
767	781	1.0
768	769	1.0
768	779	0.8571428571428571
768	780	1.0
768	781	1.0
769	770	1.0
769	779	1.0
770	771	1.0
770	776	1.0
770	778	1.0
771	772	1.0
771	773	1.0
771	776	0.8095238095238095
771	777	1.0
771	779	1.0
771	799	0.8571428571428571
772	773	1.0
773	774	1.0
773	775	1.0
773	777	0.9523809523809523
774	775	1.0
775	776	1.0
775	777	0.9523809523809523
775	801	0.5238095238095238
775	804	1.0
776	777	1.0
777	778	1.0
777	799	1.0
777	800	0.9047619047619048
777	801	1.0
778	779	1.0
778	780	0.9523809523809523
778	800	1.0
779	780	1.0
779	781	0.09523809523809523
779	797	0.9047619047619048
779	799	1.0
780	781	1.0
780	782	0.6190476190476191
780	797	0.9523809523809523
780	798	1.0
780	800	0.8095238095238095
781	782	1.0
781	797	1.0
782	783	1.0
782	796	1.0
782	798	0.19047619047619047
783	784	1.0
783	785	0.7142857142857143
783	794	0.5238095238095238
783	795	0.9523809523809523
784	785	1.0
784	786	1.0
784	789	1.0
784	793	0.9523809523809523
784	794	1.0
784	795	0.9047619047619048
784	796	1.0
785	786	1.0
786	787	1.0
786	788	1.0
786	789	1.0
787	788	1.0
788	789	1.0
788	790	0.7619047619047619
788	791	1.0
789	790	1.0
789	792	0.6666666666666666
789	794	1.0
790	791	1.0
790	794	0.8571428571428571
791	792	1.0
792	793	1.0
793	794	1.0
793	795	0.7619047619047619
793	796	0.9523809523809523
793	851	0.6666666666666666
794	795	1.0
795	796	1.0
796	797	1.0
796	851	0.09523809523809523
797	798	1.0
797	849	1.0
798	799	1.0
798	800	0.9523809523809523
798	846	1.0
798	848	1.0
798	849	1.0
799	800	1.0
799	801	0.8571428571428571
799	846	0.9047619047619048
799	847	1.0
799	849	1.0
800	801	1.0
800	802	0.5238095238095238
800	845	0.9523809523809523
800	846	1.0
801	802	1.0
801	804	1.0
801	806	0.9523809523809523
801	845	1.0
801	846	0.47619047619047616
802	803	1.0
802	843	0.47619047619047616
802	844	1.0
803	804	1.0
803	843	1.0
803	844	0.47619047619047616
804	805	1.0
804	843	1.0
805	806	1.0
805	807	1.0
805	808	1.0
805	843	1.0
1009	805	0.5238095238095238
806	807	1.0
806	809	1.0
806	810	1.0
806	837	0.8571428571428571
806	839	1.0
806	845	1.0
807	808	1.0
807	810	1.0
807	811	1.0
807	839	1.0
1007	807	0.9047619047619048
1009	807	1.0
808	809	1.0
808	811	1.0
808	812	1.0
808	933	1.0
808	934	1.0
808	936	1.0
1009	808	0.8571428571428571
1011	808	1.0
809	810	1.0
809	812	1.0
809	813	1.0
809	837	1.0
809	847	0.7619047619047619
809	932	0.14285714285714285
809	933	1.0
809	934	0.8571428571428571
810	811	1.0
810	813	1.0
810	814	1.0
810	837	1.0
810	838	0.9047619047619048
810	839	1.0
811	812	1.0
811	814	1.0
811	815	1.0
812	813	1.0
812	815	1.0
812	816	1.0
812	910	1.0
812	912	0.7142857142857143
812	933	1.0
812	936	1.0
813	814	1.0
813	816	1.0
813	834	1.0
813	835	0.9523809523809523
813	836	1.0
813	837	1.0
814	815	1.0
814	817	1.0
815	816	1.0
815	818	1.0
815	819	1.0
815	910	1.0
816	817	1.0
816	819	1.0
816	820	0.9523809523809523
816	832	0.7142857142857143
816	834	1.0
816	906	1.0
817	818	1.0
817	820	1.0
817	821	0.8571428571428571
817	834	1.0
818	819	1.0
818	821	1.0
818	822	0.8095238095238095
819	820	1.0
819	822	1.0
819	823	0.9523809523809523
819	832	0.5714285714285714
819	906	1.0
819	990	1.0
820	821	1.0
820	823	1.0
820	824	1.0
820	832	1.0
821	822	1.0
821	824	1.0
821	825	1.0
822	823	1.0
822	825	0.9523809523809523
822	826	1.0
822	989	1.0
822	990	1.0
822	993	1.0
823	824	1.0
823	826	1.0
823	828	1.0
823	830	1.0
823	986	1.0
823	989	1.0
824	825	1.0
824	827	0.9047619047619048
825	826	1.0
826	827	1.0
826	828	1.0
826	989	1.0
1065	826	0.9047619047619048
1066	826	0.8095238095238095
827	828	1.0
827	829	0.6190476190476191
828	829	1.0
828	830	1.0
828	985	1.0
828	986	0.9523809523809523
828	989	1.0
1065	828	0.7142857142857143
829	830	1.0
829	831	1.0
829	898	0.9523809523809523
830	831	1.0
830	832	1.0
830	898	1.0
830	901	1.0
830	902	1.0
830	986	1.0
831	832	1.0
831	895	1.0
831	898	1.0
831	899	1.0
831	927	0.8095238095238095
832	833	1.0
832	834	0.7619047619047619
832	899	1.0
832	902	1.0
833	834	1.0
833	850	0.42857142857142855
833	899	1.0
833	927	1.0
833	929	1.0
834	835	1.0
835	836	1.0
835	847	0.8571428571428571
835	848	1.0
835	850	1.0
836	837	1.0
836	847	0.9523809523809523
836	848	1.0
837	838	1.0
837	847	1.0
838	839	1.0
838	840	1.0
838	845	1.0
838	846	1.0
839	840	1.0
839	841	1.0
839	845	1.0
840	841	1.0
840	844	1.0
840	845	1.0
840	846	0.23809523809523808
841	842	1.0
841	844	1.0
841	845	0.47619047619047616
842	843	1.0
842	844	0.6666666666666666
843	844	1.0
844	845	1.0
845	846	1.0
846	847	1.0
847	848	1.0
848	849	1.0
849	850	1.0
850	851	1.0
850	853	1.0
850	923	0.9523809523809523
851	852	1.0
851	853	0.9523809523809523
852	853	1.0
852	923	1.0
852	924	1.0
853	854	1.0
853	921	1.0
853	922	1.0
853	923	1.0
854	855	1.0
854	858	1.0
854	859	1.0
854	921	1.0
854	922	0.8571428571428571
855	856	1.0
855	857	1.0
855	858	1.0
855	917	0.8571428571428571
855	918	1.0
855	920	0.6190476190476191
855	921	1.0
856	857	1.0
856	859	1.0
856	860	1.0
856	876	0.8095238095238095
856	917	1.0
856	920	1.0
856	922	0.8095238095238095
857	858	1.0
857	860	1.0
857	861	0.9047619047619048
857	917	1.0
857	918	1.0
858	859	1.0
858	861	0.9523809523809523
858	862	0.19047619047619047
859	860	1.0
859	862	0.9523809523809523
859	875	0.9523809523809523
859	876	1.0
859	879	1.0
860	861	1.0
860	863	0.6666666666666666
860	871	1.0
860	875	1.0
860	917	0.9523809523809523
860	958	0.42857142857142855
861	862	1.0
861	863	0.6190476190476191
861	871	0.38095238095238093
862	863	1.0
863	864	1.0
863	871	0.6190476190476191
863	872	0.9047619047619048
863	875	1.0
864	865	1.0
864	871	0.8095238095238095
864	872	0.9523809523809523
865	866	1.0
865	867	0.9523809523809523
865	870	0.7619047619047619
865	871	1.0
865	872	0.6666666666666666
866	867	1.0
866	870	1.0
866	871	0.6666666666666666
866	872	0.9047619047619048
866	873	0.47619047619047616
867	868	1.0
867	870	1.0
868	869	1.0
868	870	0.9523809523809523
869	870	1.0
870	871	1.0
871	872	1.0
871	875	1.0
872	873	1.0
872	874	1.0
872	875	1.0
873	874	1.0
873	957	1.0
873	958	1.0
873	961	1.0
874	875	1.0
874	877	1.0
874	878	1.0
874	961	1.0
874	966	0.3333333333333333
875	876	1.0
875	878	1.0
875	879	1.0
875	958	0.3333333333333333
876	877	1.0
876	879	1.0
876	958	1.0
876	959	0.19047619047619047
876	962	1.0
877	878	1.0
877	880	1.0
877	881	0.9523809523809523
877	961	1.0
877	962	1.0
877	965	0.14285714285714285
877	966	0.9523809523809523
878	879	1.0
878	881	1.0
878	882	1.0
879	880	1.0
879	882	1.0
879	883	0.9047619047619048
880	881	1.0
880	883	1.0
880	884	0.9523809523809523
880	889	0.5714285714285714
880	892	1.0
880	893	0.7619047619047619
880	896	0.7142857142857143
880	926	1.0
880	962	0.9523809523809523
881	882	1.0
881	884	0.8095238095238095
881	886	0.09523809523809523
881	889	0.8571428571428571
882	883	1.0
883	884	1.0
883	924	0.9523809523809523
884	885	1.0
884	886	0.23809523809523808
884	888	1.0
884	889	1.0
884	892	1.0
885	886	1.0
885	887	0.19047619047619047
885	888	0.8571428571428571
885	889	0.8095238095238095
886	887	1.0
886	888	0.9523809523809523
886	889	0.9047619047619048
887	888	1.0
888	889	1.0
888	890	0.19047619047619047
888	891	0.9523809523809523
889	890	1.0
889	892	1.0
889	893	0.8095238095238095
890	891	1.0
890	893	0.9047619047619048
890	894	0.9047619047619048
891	892	1.0
891	894	1.0
891	895	1.0
892	893	1.0
892	895	1.0
892	896	0.9523809523809523
892	925	1.0
892	926	1.0
893	894	1.0
893	896	1.0
893	897	1.0
893	962	0.9523809523809523
893	965	1.0
894	895	1.0
894	897	1.0
894	898	1.0
895	896	1.0
895	898	1.0
895	899	1.0
895	925	1.0
895	926	1.0
895	927	1.0
896	897	1.0
896	899	1.0
896	900	1.0
896	926	1.0
896	928	1.0
896	962	0.9523809523809523
897	898	1.0
897	900	1.0
897	901	0.9047619047619048
897	963	1.0
897	979	1.0
898	899	1.0
898	901	1.0
898	902	0.23809523809523808
898	982	0.7142857142857143
899	900	1.0
899	902	1.0
899	903	0.9047619047619048
899	927	1.0
899	928	1.0
899	929	0.8095238095238095
900	901	1.0
900	902	0.9047619047619048
900	903	1.0
900	904	1.0
900	928	1.0
901	902	1.0
901	904	1.0
901	979	1.0
901	982	1.0
901	983	1.0
901	986	1.0
902	903	1.0
902	904	1.0
902	905	1.0
902	906	1.0
902	986	1.0
903	904	1.0
903	906	1.0
903	907	1.0
903	928	0.9047619047619048
903	929	0.9523809523809523
903	930	1.0
904	905	1.0
904	907	1.0
904	908	1.0
904	953	1.0
904	983	1.0
905	906	1.0
905	908	1.0
905	909	1.0
905	983	1.0
905	986	1.0
905	987	1.0
906	907	1.0
906	909	1.0
906	910	1.0
907	908	1.0
907	910	1.0
907	911	1.0
907	912	1.0
907	915	0.9523809523809523
907	930	0.7142857142857143
907	952	1.0
907	953	1.0
908	909	1.0
908	911	0.5238095238095238
908	951	1.0
1024	908	1.0
909	910	1.0
909	990	1.0
1024	909	1.0
1025	909	0.9523809523809523
910	911	1.0
910	912	1.0
910	936	0.9047619047619048
910	937	0.7619047619047619
911	912	1.0
911	913	1.0
911	936	0.47619047619047616
911	937	1.0
911	938	1.0
911	949	0.38095238095238093
911	952	1.0
1024	911	0.2857142857142857
912	913	1.0
912	915	0.9047619047619048
912	933	1.0
912	935	1.0
912	936	1.0
912	952	1.0
913	914	1.0
913	915	1.0
913	935	1.0
913	952	1.0
914	915	1.0
914	916	0.9523809523809523
914	919	0.7142857142857143
914	935	1.0
915	916	1.0
915	919	0.9047619047619048
915	920	0.9047619047619048
915	930	0.6190476190476191
915	952	1.0
915	953	1.0
916	917	1.0
916	918	1.0
916	919	1.0
917	918	1.0
917	920	1.0
918	919	1.0
919	920	1.0
919	930	0.9523809523809523
919	931	1.0
919	932	1.0
920	921	1.0
920	930	1.0
921	922	1.0
921	929	1.0
921	931	1.0
922	923	1.0
922	926	1.0
922	928	1.0
923	924	1.0
923	925	1.0
923	926	1.0
923	927	1.0
924	925	1.0
924	926	0.6190476190476191
925	926	1.0
925	927	1.0
926	927	1.0
926	928	0.9047619047619048
927	928	1.0
927	929	0.9047619047619048
928	929	1.0
929	930	1.0
930	931	1.0
931	932	1.0
932	933	1.0
932	934	1.0
933	934	1.0
933	936	1.0
934	935	1.0
934	936	1.0
935	936	1.0
935	940	0.8571428571428571
936	937	1.0
936	939	0.6666666666666666
1011	936	1.0
937	938	1.0
937	939	1.0
1011	937	1.0
1017	937	0.9523809523809523
1020	937	1.0
938	939	1.0
938	941	0.9523809523809523
938	942	0.5714285714285714
938	949	0.6190476190476191
939	940	1.0
939	942	1.0
1010	939	0.5714285714285714
1011	939	1.0
940	941	1.0
941	942	1.0
941	945	0.9523809523809523
942	943	1.0
942	945	0.5714285714285714
942	947	0.47619047619047616
943	944	1.0
944	945	1.0
945	946	1.0
945	947	0.3333333333333333
946	947	1.0
946	948	0.9523809523809523
947	948	1.0
948	949	1.0
949	950	1.0
1020	949	0.9523809523809523
1023	949	0.9047619047619048
1024	949	0.8571428571428571
950	951	1.0
950	952	0.38095238095238093
1041	950	0.5238095238095238
1045	950	1.0
951	952	1.0
951	953	0.9523809523809523
1041	951	1.0
1042	951	1.0
1045	951	1.0
952	953	1.0
953	954	1.0
954	955	1.0
1045	954	1.0
1046	954	1.0
955	956	1.0
955	959	1.0
955	960	1.0
1046	955	0.9047619047619048
956	957	1.0
956	958	1.0
956	959	1.0
957	958	1.0
957	960	1.0
957	961	1.0
957	970	0.19047619047619047
958	959	1.0
958	961	0.9047619047619048
959	960	1.0
959	962	1.0
960	961	1.0
960	963	1.0
960	964	1.0
960	970	1.0
960	971	0.5238095238095238
961	962	1.0
961	964	1.0
961	966	1.0
961	968	0.38095238095238093
961	970	0.6666666666666666
962	963	1.0
962	965	0.047619047619047616
963	964	1.0
963	965	0.047619047619047616
963	975	0.9523809523809523
963	976	1.0
963	979	1.0
964	965	1.0
964	966	1.0
964	967	1.0
964	969	0.38095238095238093
964	970	1.0
964	973	1.0
964	975	0.9523809523809523
964	976	0.9523809523809523
965	966	1.0
965	967	0.9047619047619048
966	967	1.0
967	968	1.0
967	969	1.0
968	969	1.0
968	970	0.2857142857142857
969	970	1.0
969	972	1.0
969	973	0.47619047619047616
970	971	1.0
970	976	0.8095238095238095
971	972	1.0
971	973	0.09523809523809523
971	976	0.7619047619047619
1049	971	1.0
972	973	1.0
973	974	1.0
973	975	1.0
973	976	1.0
973	977	0.6190476190476191
974	975	1.0
974	977	1.0
974	978	1.0
975	976	1.0
975	978	1.0
975	979	0.9523809523809523
976	977	1.0
976	979	1.0
976	980	0.9523809523809523
977	978	1.0
977	980	1.0
977	981	1.0
1051	977	0.3333333333333333
978	979	1.0
978	981	1.0
978	982	0.9523809523809523
979	980	1.0
979	982	1.0
979	983	0.9047619047619048
980	981	1.0
980	983	1.0
980	984	0.9523809523809523
1050	980	0.9523809523809523
1051	980	0.7142857142857143
981	982	1.0
981	984	1.0
981	985	1.0
1060	981	0.5238095238095238
1061	981	0.23809523809523808
982	983	1.0
982	985	1.0
982	986	1.0
983	984	1.0
983	986	1.0
983	987	1.0
984	985	1.0
984	987	1.0
984	988	1.0
1035	984	1.0
1038	984	0.6666666666666666
1057	984	1.0
1061	984	0.9047619047619048
985	986	1.0
985	988	1.0
985	989	1.0
1061	985	0.9523809523809523
1065	985	1.0
986	987	1.0
986	989	1.0
987	988	1.0
987	990	1.0
987	991	1.0
1038	987	1.0
988	989	1.0
988	991	1.0
988	992	1.0
1064	988	0.38095238095238093
1065	988	1.0
989	990	1.0
989	992	1.0
1065	989	0.9523809523809523
990	991	1.0
990	993	1.0
990	997	0.38095238095238093
1025	990	0.5238095238095238
991	992	1.0
991	994	1.0
1025	991	1.0
1034	991	1.0
992	993	1.0
1065	992	0.7142857142857143
993	994	1.0
993	996	1.0
994	995	1.0
994	997	1.0
994	998	1.0
1025	994	1.0
1027	994	1.0
995	996	1.0
995	998	1.0
995	999	1.0
996	997	1.0
996	999	1.0
1000	996	1.0
997	998	1.0
1000	997	1.0
1001	997	0.9047619047619048
1021	997	0.7619047619047619
998	999	1.0
1001	998	1.0
1002	998	1.0
1018	998	0.9047619047619048
1021	998	0.8571428571428571
1022	998	0.6666666666666666
1000	999	1.0
1002	999	1.0
1003	999	1.0
1000	1001	1.0
1000	1003	1.0
1000	1004	0.9047619047619048
1001	1002	1.0
1001	1004	1.0
1001	1005	0.09523809523809523
1001	1012	0.8571428571428571
1001	1018	1.0
1001	1021	1.0
1002	1003	1.0
1002	1005	1.0
1002	1018	0.9523809523809523
1003	1004	1.0
1003	1005	0.14285714285714285
1004	1005	1.0
1004	1007	1.0
1004	1012	1.0
1005	1006	1.0
1005	1012	0.7619047619047619
1005	1018	0.09523809523809523
1006	1007	1.0
1006	1008	0.8095238095238095
1007	1008	1.0
1007	1009	1.0
1007	1012	0.5714285714285714
1008	1009	1.0
1009	1010	1.0
1009	1011	1.0
1009	1012	1.0
1010	1011	1.0
1010	1013	0.9523809523809523
1011	1012	1.0
1012	1013	1.0
1012	1017	1.0
1013	1014	1.0
1013	1017	1.0
1014	1015	1.0
1014	1016	1.0
1014	1017	1.0
1015	1016	1.0
1015	1018	1.0
1015	1019	0.9047619047619048
1016	1017	1.0
1016	1019	1.0
1017	1018	1.0
1017	1020	0.9523809523809523
1018	1019	1.0
1018	1020	0.5238095238095238
1018	1021	1.0
1019	1020	1.0
1019	1022	1.0
1019	1023	1.0
1020	1021	1.0
1020	1023	1.0
1020	1024	0.9523809523809523
1021	1022	1.0
1021	1024	1.0
1021	1025	1.0
1022	1023	1.0
1022	1025	1.0
1022	1027	1.0
1023	1024	1.0
1023	1026	0.7619047619047619
1024	1025	1.0
1025	1026	1.0
1025	1027	1.0
1025	1034	0.38095238095238093
1026	1027	1.0
1026	1029	1.0
1026	1034	1.0
1026	1037	1.0
1027	1028	1.0
1028	1029	1.0
1029	1030	1.0
1029	1033	1.0
1029	1034	1.0
1029	1037	0.6190476190476191
1030	1031	1.0
1030	1032	1.0
1030	1033	1.0
1031	1032	1.0
1031	1034	1.0
1031	1035	0.8095238095238095
1031	1063	0.8571428571428571
1032	1033	1.0
1032	1035	1.0
1032	1036	0.9047619047619048
1032	1058	0.9047619047619048
1032	1063	0.38095238095238093
1033	1034	1.0
1033	1036	1.0
1033	1037	1.0
1034	1035	1.0
1034	1037	1.0
1034	1038	0.9047619047619048
1035	1036	1.0
1035	1038	1.0
1035	1039	1.0
1035	1057	0.8571428571428571
1036	1037	1.0
1036	1039	1.0
1036	1040	1.0
1037	1038	1.0
1037	1040	1.0
1037	1041	1.0
1038	1039	1.0
1038	1041	1.0
1038	1042	1.0
1039	1040	1.0
1039	1042	1.0
1039	1043	1.0
1039	1050	0.6666666666666666
1039	1054	1.0
1040	1041	1.0
1040	1043	1.0
1040	1044	1.0
1041	1042	1.0
1041	1044	1.0
1041	1045	1.0
1042	1043	1.0
1042	1045	1.0
1042	1046	1.0
1042	1050	1.0
1043	1044	1.0
1043	1046	1.0
1043	1048	0.6666666666666666
1043	1049	0.42857142857142855
1043	1050	1.0
1043	1052	0.9523809523809523
1044	1045	1.0
1045	1046	1.0
1046	1047	1.0
1046	1048	1.0
1046	1049	1.0
1046	1050	1.0
1047	1048	1.0
1047	1049	0.19047619047619047
1048	1049	1.0
1048	1050	1.0
1049	1050	1.0
1050	1051	1.0
1050	1052	0.23809523809523808
1051	1052	1.0
1051	1053	1.0
1051	1054	0.47619047619047616
1052	1053	1.0
1052	1054	0.47619047619047616
1053	1054	1.0
1053	1055	1.0
1053	1056	0.3333333333333333
1054	1055	1.0
1054	1056	0.42857142857142855
1054	1057	1.0
1054	1058	0.6666666666666666
1055	1056	1.0
1055	1058	0.9523809523809523
1055	1059	0.8095238095238095
1056	1057	1.0
1056	1059	0.9523809523809523
1056	1060	0.8095238095238095
1057	1058	1.0
1057	1060	0.9047619047619048
1057	1061	0.9523809523809523
1058	1059	1.0
1058	1062	0.8571428571428571
1059	1060	1.0
1059	1062	0.42857142857142855
1060	1061	1.0
1060	1062	0.14285714285714285
1061	1062	1.0
1062	1063	1.0
1062	1064	0.5238095238095238
1063	1064	1.0
1064	1065	1.0
1064	1066	0.8571428571428571
1065	1066	1.0
1066	1067	1.0
10	4	0.19047619047619047
6	709	0.6666666666666666
8	89	0.6666666666666666
12	14	0.7142857142857143
12	15	0.42857142857142855
13	713	0.5714285714285714
14	16	0.14285714285714285
17	36	0.6666666666666666
100	24	0.9047619047619048
25	30	0.047619047619047616
29	56	0.42857142857142855
31	55	0.8571428571428571
40	44	0.23809523809523808
49	51	0.047619047619047616
51	55	0.09523809523809523
52	61	0.7142857142857143
55	58	0.9523809523809523
68	70	0.3333333333333333
70	81	0.8571428571428571
71	73	0.38095238095238093
126	77	0.3333333333333333
78	80	0.23809523809523808
100	98	0.6190476190476191
105	109	0.38095238095238093
122	680	0.2857142857142857
128	306	0.3333333333333333
131	313	0.047619047619047616
132	136	0.6666666666666666
133	314	0.38095238095238093
134	431	0.09523809523809523
134	644	0.3333333333333333
137	139	0.09523809523809523
147	150	0.9523809523809523
152	160	0.14285714285714285
154	161	0.47619047619047616
157	159	0.6190476190476191
158	294	0.09523809523809523
168	269	0.2857142857142857
176	267	0.8095238095238095
179	183	0.8095238095238095
180	184	0.8095238095238095
180	276	0.6190476190476191
181	212	0.09523809523809523
184	212	0.19047619047619047
189	212	0.47619047619047616
190	208	0.2857142857142857
194	204	0.23809523809523808
196	201	0.23809523809523808
208	226	0.7142857142857143
210	222	0.5238095238095238
216	263	0.3333333333333333
228	242	0.3333333333333333
232	234	0.047619047619047616
235	238	0.8095238095238095
235	241	0.5238095238095238
236	238	0.047619047619047616
245	247	0.8571428571428571
245	249	0.6190476190476191
250	260	0.2857142857142857
252	260	0.23809523809523808
271	275	0.8571428571428571
274	278	0.7619047619047619
277	279	0.19047619047619047
283	788	0.2857142857142857
291	295	0.5238095238095238
300	302	0.6190476190476191
301	692	0.14285714285714285
312	314	0.23809523809523808
316	318	0.23809523809523808
316	434	0.14285714285714285
316	437	0.42857142857142855
317	482	0.47619047619047616
325	484	0.6666666666666666
326	395	0.5714285714285714
327	576	0.8095238095238095
334	388	0.6190476190476191
335	477	0.14285714285714285
336	384	0.9523809523809523
338	381	0.2857142857142857
339	383	0.38095238095238093
340	471	0.8571428571428571
347	378	0.09523809523809523
353	406	0.8095238095238095
355	371	0.38095238095238093
361	363	0.2857142857142857
361	400	0.14285714285714285
363	606	0.047619047619047616
368	370	0.3333333333333333
375	379	0.9523809523809523
375	380	0.7142857142857143
386	388	0.5714285714285714
390	392	0.2857142857142857
394	574	0.8095238095238095
398	642	0.7142857142857143
400	457	0.14285714285714285
403	472	0.2857142857142857
405	444	0.8571428571428571
405	470	0.7142857142857143
405	472	0.9523809523809523
407	418	0.7142857142857143
408	417	0.47619047619047616
421	447	0.42857142857142855
422	447	0.8095238095238095
425	460	0.38095238095238093
428	435	0.8095238095238095
431	644	0.047619047619047616
434	482	0.9523809523809523
437	482	0.3333333333333333
438	440	0.6190476190476191
439	474	0.2857142857142857
440	473	0.19047619047619047
440	476	0.6190476190476191
445	678	0.6190476190476191
446	468	0.2857142857142857
448	456	0.3333333333333333
458	640	0.38095238095238093
459	639	0.2857142857142857
460	639	0.9047619047619048
460	679	0.9047619047619048
463	465	0.23809523809523808
470	472	0.5714285714285714
474	476	0.5714285714285714
487	491	0.38095238095238093
489	493	0.6190476190476191
490	494	0.8571428571428571
491	584	0.6666666666666666
494	576	0.3333333333333333
494	577	0.6666666666666666
495	499	0.6666666666666666
495	583	0.3333333333333333
501	504	0.5238095238095238
501	505	0.23809523809523808
503	507	0.5238095238095238
505	508	0.6666666666666666
506	509	0.3333333333333333
513	515	0.6190476190476191
518	552	0.5238095238095238
519	555	0.5714285714285714
522	556	0.6190476190476191
530	534	0.7619047619047619
530	550	0.38095238095238093
540	542	0.47619047619047616
1027	540	0.6190476190476191
1028	540	0.42857142857142855
544	548	0.9523809523809523
547	549	0.047619047619047616
549	553	0.47619047619047616
550	557	0.5714285714285714
551	571	0.23809523809523808
555	558	0.3333333333333333
556	558	0.14285714285714285
566	570	0.47619047619047616
584	588	0.23809523809523808
591	616	0.23809523809523808
591	620	0.7142857142857143
591	621	0.047619047619047616
593	621	0.9047619047619048
594	598	0.7619047619047619
594	626	0.19047619047619047
598	630	0.19047619047619047
1003	598	0.19047619047619047
601	611	0.5238095238095238
602	999	0.9047619047619048
1003	602	0.8571428571428571
605	607	0.5238095238095238
605	611	0.6190476190476191
608	643	0.09523809523809523
608	646	0.14285714285714285
624	661	0.6666666666666666
625	629	0.47619047619047616
627	631	0.7619047619047619
632	810	0.7142857142857143
1005	636	0.23809523809523808
644	646	0.38095238095238093
649	686	0.8571428571428571
653	686	0.5714285714285714
660	756	0.5714285714285714
668	839	0.047619047619047616
671	840	0.47619047619047616
671	841	0.3333333333333333
672	842	0.047619047619047616
675	841	0.6666666666666666
682	684	0.6666666666666666
694	701	0.09523809523809523
713	717	0.8095238095238095
718	723	0.7142857142857143
727	731	0.7619047619047619
729	733	0.6190476190476191
733	737	0.42857142857142855
735	768	0.47619047619047616
738	740	0.3333333333333333
738	763	0.14285714285714285
743	745	0.047619047619047616
744	763	0.3333333333333333
753	846	0.8571428571428571
754	798	0.42857142857142855
759	784	0.6190476190476191
760	796	0.7142857142857143
762	764	0.6666666666666666
762	782	0.5238095238095238
764	783	0.8095238095238095
764	795	0.42857142857142855
770	772	0.19047619047619047
773	776	0.7619047619047619
777	779	0.8571428571428571
778	799	0.6190476190476191
781	795	0.7619047619047619
789	793	0.47619047619047616
798	847	0.42857142857142855
806	808	0.2857142857142857
1008	807	0.14285714285714285
1004	811	0.6666666666666666
813	817	0.8571428571428571
814	818	0.9047619047619048
815	997	0.6666666666666666
818	996	0.14285714285714285
826	992	0.047619047619047616
1066	827	0.6190476190476191
830	899	0.3333333333333333
833	923	0.23809523809523808
834	836	0.38095238095238093
835	849	0.047619047619047616
850	929	0.8095238095238095
851	923	0.047619047619047616
854	924	0.09523809523809523
856	958	0.3333333333333333
862	875	0.6666666666666666
862	879	0.5238095238095238
864	875	0.5238095238095238
873	956	0.14285714285714285
876	880	0.8571428571428571
886	890	0.5238095238095238
887	890	0.7619047619047619
887	891	0.6190476190476191
888	892	0.9047619047619048
892	894	0.14285714285714285
893	963	0.19047619047619047
896	963	0.19047619047619047
900	959	0.6190476190476191
900	963	0.47619047619047616
901	905	0.9523809523809523
903	953	0.5238095238095238
908	952	0.23809523809523808
1041	908	0.19047619047619047
1021	909	0.8095238095238095
913	938	0.9523809523809523
921	930	0.19047619047619047
922	927	0.47619047619047616
935	938	0.47619047619047616
1012	937	0.47619047619047616
946	950	0.5238095238095238
951	954	0.7619047619047619
958	962	0.14285714285714285
959	963	0.8571428571428571
964	971	0.19047619047619047
965	975	0.8571428571428571
967	970	0.6190476190476191
967	973	0.8095238095238095
970	972	0.19047619047619047
1051	971	0.23809523809523808
990	992	0.047619047619047616
990	994	0.8095238095238095
992	994	0.19047619047619047
1008	1010	0.2857142857142857
1011	1017	0.9047619047619048
1017	1019	0.5714285714285714
1018	1022	0.8571428571428571
1022	1028	0.23809523809523808
1026	1028	0.42857142857142855
1026	1033	0.5714285714285714
1030	1034	0.6666666666666666
1034	1036	0.09523809523809523
1036	1054	0.47619047619047616
1039	1052	0.6666666666666666
1061	1067	0.2857142857142857
1062	1067	0.2857142857142857
1063	1067	0.19047619047619047
1064	1067	0.42857142857142855
1	3	0.23809523809523808
14	7	0.14285714285714285
8	93	0.047619047619047616
21	32	0.5714285714285714
22	96	0.7142857142857143
23	30	0.38095238095238093
23	32	0.38095238095238093
25	61	0.23809523809523808
33	44	0.2857142857142857
57	59	0.3333333333333333
71	78	0.5714285714285714
72	76	0.7619047619047619
102	104	0.3333333333333333
122	127	0.2857142857142857
124	128	0.7619047619047619
125	129	0.7142857142857143
126	681	0.47619047619047616
127	681	0.6190476190476191
127	684	0.5714285714285714
128	688	0.047619047619047616
129	131	0.42857142857142855
130	139	0.5714285714285714
130	465	0.047619047619047616
131	136	0.14285714285714285
136	306	0.047619047619047616
136	313	0.09523809523809523
137	313	0.09523809523809523
142	649	0.09523809523809523
144	146	0.14285714285714285
146	653	0.42857142857142855
161	298	0.23809523809523808
165	297	0.3333333333333333
168	261	0.8571428571428571
169	258	0.47619047619047616
172	626	0.3333333333333333
173	825	0.42857142857142855
176	273	0.047619047619047616
1067	178	0.09523809523809523
180	187	0.047619047619047616
180	189	0.047619047619047616
181	186	0.6190476190476191
186	212	0.23809523809523808
188	212	0.6190476190476191
190	281	0.7142857142857143
191	282	0.6190476190476191
192	281	0.5714285714285714
193	219	0.38095238095238093
194	286	0.42857142857142855
195	206	0.3333333333333333
195	227	0.2857142857142857
203	788	0.14285714285714285
223	225	0.047619047619047616
235	239	0.23809523809523808
235	242	0.23809523809523808
236	239	0.42857142857142855
241	244	0.5238095238095238
271	282	0.7142857142857143
277	831	0.19047619047619047
280	282	0.14285714285714285
281	283	0.42857142857142855
296	298	0.38095238095238093
301	303	0.047619047619047616
302	304	0.2857142857142857
304	308	0.5714285714285714
305	309	0.38095238095238093
310	313	0.09523809523809523
315	317	0.5238095238095238
316	430	0.047619047619047616
317	320	0.14285714285714285
317	323	0.09523809523809523
317	434	0.047619047619047616
324	482	0.42857142857142855
324	484	0.3333333333333333
326	484	0.8095238095238095
333	359	0.2857142857142857
346	449	0.19047619047619047
351	377	0.047619047619047616
351	411	0.14285714285714285
352	376	0.7619047619047619
353	421	0.23809523809523808
358	388	0.23809523809523808
361	364	0.7142857142857143
361	606	0.7619047619047619
362	398	0.14285714285714285
362	400	0.19047619047619047
363	457	0.9047619047619048
370	387	0.14285714285714285
391	395	0.14285714285714285
395	428	0.3333333333333333
397	399	0.19047619047619047
397	607	0.5714285714285714
399	429	0.14285714285714285
403	423	0.42857142857142855
403	425	0.2857142857142857
403	442	0.19047619047619047
404	456	0.38095238095238093
409	411	0.5714285714285714
409	414	0.047619047619047616
410	413	0.047619047619047616
410	414	0.23809523809523808
410	415	0.3333333333333333
415	417	0.2857142857142857
419	449	0.38095238095238093
419	450	0.42857142857142855
419	451	0.42857142857142855
420	422	0.2857142857142857
422	446	0.9047619047619048
427	436	0.14285714285714285
429	436	0.14285714285714285
430	436	0.23809523809523808
431	608	0.09523809523809523
437	477	0.5714285714285714
438	478	0.6666666666666666
459	678	0.3333333333333333
471	473	0.23809523809523808
484	486	0.14285714285714285
505	518	0.047619047619047616
506	508	0.047619047619047616
510	512	0.19047619047619047
510	516	0.19047619047619047
511	516	0.19047619047619047
511	517	0.09523809523809523
512	516	0.5238095238095238
514	552	0.6190476190476191
523	527	0.23809523809523808
529	531	0.047619047619047616
548	570	0.19047619047619047
550	563	0.19047619047619047
564	600	0.38095238095238093
575	579	0.2857142857142857
587	609	0.047619047619047616
589	613	0.47619047619047616
597	601	0.47619047619047616
598	614	0.14285714285714285
599	995	0.42857142857142855
601	605	0.09523809523809523
603	637	0.47619047619047616
1005	603	0.14285714285714285
629	818	0.5714285714285714
1004	632	0.09523809523809523
653	689	0.42857142857142855
657	690	0.3333333333333333
663	690	0.5238095238095238
665	667	0.047619047619047616
674	676	0.38095238095238093
688	692	0.7619047619047619
707	709	0.14285714285714285
708	753	0.23809523809523808
711	778	0.5238095238095238
715	719	0.5238095238095238
715	777	0.23809523809523808
715	801	0.14285714285714285
719	723	0.6190476190476191
719	802	0.38095238095238093
727	776	0.42857142857142855
730	776	0.19047619047619047
739	743	0.38095238095238093
770	779	0.7619047619047619
775	803	0.6190476190476191
782	795	0.6666666666666666
784	792	0.14285714285714285
785	789	0.42857142857142855
796	798	0.14285714285714285
801	803	0.19047619047619047
801	844	0.3333333333333333
812	934	0.047619047619047616
813	933	0.2857142857142857
1000	815	0.3333333333333333
818	820	0.047619047619047616
820	834	0.6666666666666666
823	832	0.6190476190476191
825	827	0.5238095238095238
1067	827	0.42857142857142855
830	982	0.38095238095238093
835	837	0.6190476190476191
837	848	0.2857142857142857
848	850	0.3333333333333333
849	851	0.5238095238095238
850	921	0.5714285714285714
859	922	0.2857142857142857
896	927	0.23809523809523808
897	975	0.2857142857142857
908	987	0.23809523809523808
1038	908	0.09523809523809523
912	930	0.14285714285714285
938	940	0.2857142857142857
1020	938	0.23809523809523808
939	943	0.23809523809523808
940	943	0.19047619047619047
940	944	0.09523809523809523
941	946	0.09523809523809523
941	947	0.047619047619047616
941	949	0.047619047619047616
1044	950	0.42857142857142855
954	956	0.5714285714285714
956	960	0.2857142857142857
970	973	0.7142857142857143
1057	981	0.5238095238095238
1031	988	0.5714285714285714
1061	988	0.8571428571428571
1063	988	0.14285714285714285
1031	991	0.5238095238095238
1063	992	0.23809523809523808
1064	992	0.47619047619047616
1002	1015	0.09523809523809523
1005	1014	0.14285714285714285
1035	1058	0.047619047619047616
1035	1061	0.2857142857142857
1042	1044	0.09523809523809523
1062	1065	0.047619047619047616
0	680	0.2857142857142857
5	720	0.6190476190476191
9	96	0.42857142857142855
13	720	0.42857142857142855
38	740	0.23809523809523808
52	54	0.09523809523809523
56	58	0.23809523809523808
103	67	0.047619047619047616
109	305	0.14285714285714285
116	692	0.38095238095238093
120	127	0.14285714285714285
124	129	0.23809523809523808
126	680	0.38095238095238093
127	680	0.38095238095238093
129	465	0.09523809523809523
131	465	0.14285714285714285
131	467	0.23809523809523808
134	314	0.23809523809523808
136	311	0.2857142857142857
137	311	0.38095238095238093
137	314	0.19047619047619047
140	311	0.38095238095238093
143	692	0.23809523809523808
165	697	0.14285714285714285
171	623	0.42857142857142855
177	826	0.19047619047619047
1067	179	0.42857142857142855
182	186	0.2857142857142857
187	189	0.38095238095238093
187	267	0.23809523809523808
189	272	0.3333333333333333
189	282	0.14285714285714285
191	207	0.14285714285714285
195	205	0.14285714285714285
195	223	0.38095238095238093
197	227	0.23809523809523808
200	204	0.23809523809523808
219	284	0.047619047619047616
220	245	0.2857142857142857
221	223	0.047619047619047616
224	241	0.38095238095238093
225	236	0.3333333333333333
228	238	0.3333333333333333
233	238	0.19047619047619047
234	236	0.47619047619047616
238	242	0.3333333333333333
243	247	0.09523809523809523
244	247	0.38095238095238093
244	248	0.47619047619047616
252	286	0.23809523809523808
253	285	0.23809523809523808
255	793	0.23809523809523808
256	793	0.19047619047619047
273	824	0.3333333333333333
277	829	0.23809523809523808
287	292	0.5238095238095238
288	292	0.19047619047619047
291	294	0.47619047619047616
296	696	0.047619047619047616
298	300	0.047619047619047616
304	692	0.47619047619047616
313	315	0.38095238095238093
313	318	0.2857142857142857
314	430	0.3333333333333333
314	431	0.09523809523809523
314	432	0.14285714285714285
315	318	0.38095238095238093
315	430	0.19047619047619047
315	432	0.23809523809523808
315	434	0.3333333333333333
315	482	0.2857142857142857
316	436	0.047619047619047616
316	438	0.3333333333333333
325	483	0.047619047619047616
328	393	0.047619047619047616
331	391	0.047619047619047616
332	389	0.19047619047619047
334	336	0.09523809523809523
337	357	0.09523809523809523
341	441	0.047619047619047616
341	472	0.047619047619047616
341	473	0.047619047619047616
342	469	0.047619047619047616
342	471	0.047619047619047616
344	422	0.047619047619047616
344	446	0.047619047619047616
344	470	0.09523809523809523
349	449	0.19047619047619047
349	450	0.09523809523809523
350	353	0.23809523809523808
358	367	0.5238095238095238
369	455	0.38095238095238093
377	380	0.23809523809523808
390	574	0.14285714285714285
392	483	0.047619047619047616
397	608	0.2857142857142857
401	425	0.2857142857142857
419	452	0.14285714285714285
420	453	0.047619047619047616
421	470	0.23809523809523808
427	462	0.09523809523809523
430	433	0.14285714285714285
432	484	0.19047619047619047
435	482	0.09523809523809523
436	440	0.2857142857142857
443	466	0.23809523809523808
445	447	0.19047619047619047
446	470	0.23809523809523808
467	469	0.19047619047619047
469	471	0.14285714285714285
478	482	0.047619047619047616
481	483	0.6190476190476191
501	503	0.14285714285714285
505	512	0.09523809523809523
506	517	0.3333333333333333
507	518	0.2857142857142857
508	510	0.09523809523809523
532	536	0.14285714285714285
538	604	0.23809523809523808
543	547	0.5238095238095238
561	563	0.38095238095238093
565	569	0.47619047619047616
565	596	0.2857142857142857
567	569	0.14285714285714285
572	575	0.3333333333333333
595	599	0.14285714285714285
595	995	0.2857142857142857
598	602	0.38095238095238093
598	996	0.42857142857142855
600	611	0.3333333333333333
601	648	0.47619047619047616
1002	603	0.38095238095238093
1003	603	0.47619047619047616
614	616	0.047619047619047616
618	621	0.23809523809523808
1003	634	0.14285714285714285
666	690	0.5714285714285714
672	675	0.09523809523809523
674	687	0.2857142857142857
693	695	0.42857142857142855
716	720	0.5238095238095238
717	720	0.23809523809523808
718	770	0.23809523809523808
728	769	0.047619047619047616
751	758	0.19047619047619047
761	763	0.047619047619047616
787	789	0.09523809523809523
792	794	0.047619047619047616
795	797	0.38095238095238093
797	851	0.23809523809523808
804	806	0.09523809523809523
811	936	0.2857142857142857
820	830	0.23809523809523808
823	827	0.5238095238095238
1066	828	0.23809523809523808
1067	828	0.23809523809523808
861	864	0.09523809523809523
862	864	0.09523809523809523
865	869	0.3333333333333333
867	869	0.2857142857142857
905	990	0.38095238095238093
914	932	0.19047619047619047
914	938	0.047619047619047616
938	952	0.47619047619047616
1017	939	0.42857142857142855
941	944	0.5238095238095238
960	976	0.5238095238095238
979	981	0.19047619047619047
1004	1006	0.7619047619047619
1005	1013	0.7142857142857143
1031	1062	0.23809523809523808
1032	1062	0.2857142857142857
1035	1054	0.2857142857142857
1061	1065	0.6190476190476191
2	675	0.047619047619047616
2	842	0.047619047619047616
22	24	0.047619047619047616
24	98	0.42857142857142855
28	30	0.23809523809523808
36	88	0.14285714285714285
62	67	0.23809523809523808
123	76	0.09523809523809523
124	77	0.19047619047619047
79	92	0.14285714285714285
93	97	0.19047619047619047
122	674	0.23809523809523808
132	465	0.19047619047619047
135	465	0.14285714285714285
135	681	0.23809523809523808
138	685	0.2857142857142857
142	685	0.3333333333333333
151	301	0.047619047619047616
171	625	0.23809523809523808
172	825	0.19047619047619047
1067	177	0.047619047619047616
184	209	0.047619047619047616
191	272	0.047619047619047616
192	282	0.2857142857142857
193	207	0.047619047619047616
194	196	0.09523809523809523
196	204	0.047619047619047616
196	285	0.09523809523809523
201	203	0.047619047619047616
204	206	0.23809523809523808
218	220	0.14285714285714285
251	259	0.42857142857142855
253	792	0.047619047619047616
276	280	0.047619047619047616
307	309	0.09523809523809523
316	439	0.047619047619047616
317	437	0.09523809523809523
317	438	0.047619047619047616
317	478	0.047619047619047616
318	320	0.047619047619047616
319	482	0.09523809523809523
320	322	0.09523809523809523
322	324	0.09523809523809523
328	330	0.14285714285714285
340	473	0.09523809523809523
341	380	0.047619047619047616
358	455	0.19047619047619047
364	457	0.047619047619047616
366	574	0.42857142857142855
380	405	0.09523809523809523
396	607	0.14285714285714285
404	421	0.047619047619047616
426	428	0.047619047619047616
427	643	0.2857142857142857
434	483	0.47619047619047616
441	472	0.23809523809523808
441	474	0.19047619047619047
442	464	0.047619047619047616
446	448	0.047619047619047616
450	452	0.38095238095238093
488	587	0.42857142857142855
513	545	0.047619047619047616
513	548	0.14285714285714285
538	565	0.14285714285714285
595	597	0.09523809523809523
595	993	0.14285714285714285
601	615	0.19047619047619047
601	618	0.047619047619047616
1002	604	0.09523809523809523
636	638	0.47619047619047616
641	649	0.19047619047619047
660	694	0.19047619047619047
709	711	0.047619047619047616
715	776	0.19047619047619047
719	721	0.09523809523809523
722	724	0.047619047619047616
725	733	0.19047619047619047
748	760	0.047619047619047616
770	777	0.09523809523809523
775	802	0.14285714285714285
801	847	0.19047619047619047
855	859	0.19047619047619047
858	860	0.047619047619047616
881	885	0.047619047619047616
1020	911	0.3333333333333333
912	938	0.047619047619047616
939	941	0.047619047619047616
942	949	0.09523809523809523
948	950	0.38095238095238093
1026	991	0.14285714285714285
993	995	0.2857142857142857
993	997	0.19047619047619047
0	675	0.19047619047619047
41	88	0.19047619047619047
58	60	0.09523809523809523
114	80	0.23809523809523808
115	117	0.38095238095238093
130	681	0.09523809523809523
132	443	0.047619047619047616
134	463	0.14285714285714285
139	306	0.23809523809523808
152	154	0.047619047619047616
161	297	0.19047619047619047
162	164	0.19047619047619047
166	292	0.23809523809523808
168	260	0.47619047619047616
1066	177	0.23809523809523808
182	184	0.047619047619047616
184	186	0.23809523809523808
189	266	0.2857142857142857
206	230	0.23809523809523808
237	239	0.09523809523809523
259	292	0.09523809523809523
275	279	0.42857142857142855
294	296	0.09523809523809523
314	434	0.19047619047619047
314	437	0.047619047619047616
315	437	0.19047619047619047
317	481	0.14285714285714285
321	323	0.2857142857142857
325	490	0.2857142857142857
335	337	0.23809523809523808
342	378	0.14285714285714285
351	416	0.047619047619047616
357	371	0.09523809523809523
359	402	0.047619047619047616
409	419	0.09523809523809523
424	462	0.23809523809523808
434	437	0.047619047619047616
478	480	0.38095238095238093
500	504	0.09523809523809523
506	512	0.09523809523809523
509	512	0.2857142857142857
532	534	0.047619047619047616
562	593	0.19047619047619047
597	621	0.047619047619047616
1000	630	0.19047619047619047
653	666	0.09523809523809523
711	713	0.09523809523809523
717	734	0.47619047619047616
730	732	0.14285714285714285
738	747	0.2857142857142857
763	780	0.19047619047619047
767	769	0.3333333333333333
773	932	0.09523809523809523
805	934	0.14285714285714285
818	997	0.09523809523809523
833	928	0.14285714285714285
876	922	0.09523809523809523
877	893	0.047619047619047616
884	925	0.23809523809523808
896	922	0.3333333333333333
897	962	0.09523809523809523
909	911	0.23809523809523808
916	920	0.23809523809523808
962	966	0.09523809523809523
966	968	0.09523809523809523
967	975	0.3333333333333333
983	985	0.09523809523809523
987	989	0.14285714285714285
1035	988	0.47619047619047616
1031	992	0.047619047619047616
1049	1051	0.047619047619047616
1061	1064	0.14285714285714285
1	75	0.09523809523809523
5	719	0.09523809523809523
48	50	0.09523809523809523
50	52	0.3333333333333333
123	73	0.2857142857142857
123	79	0.38095238095238093
103	107	0.2857142857142857
120	671	0.3333333333333333
121	671	0.047619047619047616
124	126	0.2857142857142857
136	310	0.047619047619047616
140	310	0.14285714285714285
184	276	0.2857142857142857
194	791	0.14285714285714285
196	787	0.19047619047619047
203	205	0.2857142857142857
221	245	0.09523809523809523
225	227	0.14285714285714285
240	242	0.09523809523809523
241	243	0.047619047619047616
299	301	0.047619047619047616
307	310	0.09523809523809523
310	312	0.23809523809523808
324	329	0.19047619047619047
350	408	0.14285714285714285
408	410	0.14285714285714285
440	475	0.2857142857142857
550	569	0.047619047619047616
554	581	0.19047619047619047
558	588	0.23809523809523808
564	596	0.09523809523809523
624	655	0.23809523809523808
631	662	0.2857142857142857
634	636	0.047619047619047616
664	697	0.047619047619047616
670	672	0.09523809523809523
714	718	0.09523809523809523
716	718	0.047619047619047616
717	737	0.3333333333333333
718	734	0.09523809523809523
745	748	0.14285714285714285
824	828	0.047619047619047616
1067	829	0.14285714285714285
871	958	0.09523809523809523
894	896	0.09523809523809523
906	908	0.047619047619047616
1054	980	0.047619047619047616
1066	985	0.09523809523809523
1005	1007	0.19047619047619047
1055	1057	0.09523809523809523
1061	1066	0.09523809523809523
6	802	0.047619047619047616
73	78	0.3333333333333333
126	75	0.047619047619047616
123	78	0.14285714285714285
127	465	0.047619047619047616
140	313	0.047619047619047616
145	649	0.047619047619047616
157	298	0.047619047619047616
173	824	0.047619047619047616
186	211	0.14285714285714285
204	230	0.047619047619047616
234	241	0.09523809523809523
256	271	0.047619047619047616
306	309	0.3333333333333333
306	312	0.047619047619047616
307	312	0.047619047619047616
333	391	0.047619047619047616
403	455	0.09523809523809523
405	420	0.09523809523809523
449	451	0.047619047619047616
491	493	0.047619047619047616
499	501	0.09523809523809523
502	509	0.09523809523809523
503	505	0.09523809523809523
503	509	0.047619047619047616
504	509	0.09523809523809523
505	510	0.09523809523809523
508	511	0.047619047619047616
510	518	0.047619047619047616
535	995	0.047619047619047616
585	587	0.09523809523809523
590	592	0.2857142857142857
597	613	0.047619047619047616
629	631	0.14285714285714285
632	635	0.3333333333333333
657	663	0.047619047619047616
690	692	0.09523809523809523
697	699	0.09523809523809523
715	717	0.23809523809523808
717	733	0.047619047619047616
754	837	0.19047619047619047
769	771	0.14285714285714285
771	778	0.19047619047619047
780	799	0.23809523809523808
860	876	0.42857142857142855
873	875	0.047619047619047616
876	961	0.14285714285714285
902	983	0.047619047619047616
912	934	0.14285714285714285
929	931	0.19047619047619047
1012	936	0.047619047619047616
966	970	0.09523809523809523
967	972	0.09523809523809523
969	971	0.42857142857142855
986	990	0.19047619047619047
1036	1038	0.047619047619047616
1058	1061	0.14285714285714285
0	677	0.047619047619047616
10	7	0.047619047619047616
7	74	0.09523809523809523
22	98	0.047619047619047616
41	91	0.047619047619047616
72	95	0.047619047619047616
88	90	0.047619047619047616
113	115	0.047619047619047616
133	311	0.09523809523809523
143	145	0.09523809523809523
149	653	0.38095238095238093
151	153	0.047619047619047616
155	157	0.047619047619047616
168	259	0.047619047619047616
171	825	0.14285714285714285
1066	179	0.09523809523809523
188	190	0.047619047619047616
189	211	0.047619047619047616
189	214	0.047619047619047616
191	283	0.047619047619047616
196	286	0.19047619047619047
197	224	0.14285714285714285
229	233	0.047619047619047616
316	478	0.047619047619047616
333	387	0.09523809523809523
336	383	0.23809523809523808
419	421	0.19047619047619047
444	446	0.19047619047619047
488	583	0.23809523809523808
596	600	0.09523809523809523
618	620	0.047619047619047616
656	694	0.047619047619047616
664	701	0.047619047619047616
718	778	0.19047619047619047
719	776	0.09523809523809523
719	803	0.3333333333333333
721	723	0.23809523809523808
723	776	0.047619047619047616
727	771	0.047619047619047616
731	733	0.047619047619047616
734	770	0.047619047619047616
786	792	0.09523809523809523
788	792	0.14285714285714285
835	929	0.09523809523809523
856	921	0.23809523809523808
857	916	0.047619047619047616
860	865	0.047619047619047616
861	865	0.047619047619047616
863	865	0.047619047619047616
864	866	0.19047619047619047
869	871	0.047619047619047616
873	968	0.09523809523809523
893	926	0.047619047619047616
955	963	0.047619047619047616
1049	970	0.23809523809523808
977	979	0.09523809523809523
989	993	0.2857142857142857
1004	1009	0.14285714285714285
19	88	0.047619047619047616
127	139	0.09523809523809523
150	152	0.047619047619047616
154	300	0.09523809523809523
166	257	0.047619047619047616
174	267	0.2857142857142857
176	276	0.2857142857142857
180	829	0.14285714285714285
183	279	0.047619047619047616
196	200	0.3333333333333333
198	201	0.23809523809523808
198	202	0.19047619047619047
199	201	0.2857142857142857
203	787	0.047619047619047616
210	212	0.14285714285714285
212	266	0.3333333333333333
213	267	0.3333333333333333
228	236	0.3333333333333333
229	232	0.23809523809523808
229	236	0.09523809523809523
235	237	0.19047619047619047
253	283	0.047619047619047616
257	259	0.047619047619047616
331	477	0.047619047619047616
331	479	0.09523809523809523
335	357	0.047619047619047616
335	385	0.14285714285714285
336	476	0.047619047619047616
353	408	0.047619047619047616
362	605	0.19047619047619047
364	604	0.047619047619047616
369	371	0.09523809523809523
402	456	0.047619047619047616
442	462	0.14285714285714285
510	513	0.2857142857142857
512	515	0.23809523809523808
525	527	0.047619047619047616
527	559	0.09523809523809523
527	560	0.14285714285714285
558	585	0.23809523809523808
598	600	0.09523809523809523
601	634	0.14285714285714285
616	618	0.047619047619047616
629	632	0.09523809523809523
631	652	0.047619047619047616
637	639	0.14285714285714285
755	836	0.2857142857142857
782	797	0.09523809523809523
806	847	0.23809523809523808
859	863	0.047619047619047616
871	873	0.047619047619047616
882	886	0.047619047619047616
890	965	0.047619047619047616
900	979	0.09523809523809523
942	946	0.047619047619047616
1023	948	0.09523809523809523
989	991	0.047619047619047616
1016	1020	0.047619047619047616
1026	1038	0.047619047619047616
1032	1034	0.047619047619047616
1036	1057	0.047619047619047616
1039	1051	0.047619047619047616
1039	1057	0.09523809523809523
1044	1047	0.14285714285714285
1051	1056	0.09523809523809523
1051	1057	0.047619047619047616
59	61	0.09523809523809523
116	698	0.09523809523809523
129	467	0.047619047619047616
159	261	0.14285714285714285
172	594	0.047619047619047616
172	622	0.047619047619047616
176	184	0.19047619047619047
195	224	0.047619047619047616
196	249	0.047619047619047616
204	227	0.09523809523809523
233	237	0.047619047619047616
250	288	0.047619047619047616
274	824	0.09523809523809523
279	281	0.09523809523809523
285	787	0.14285714285714285
344	346	0.14285714285714285
344	350	0.09523809523809523
344	449	0.09523809523809523
403	444	0.047619047619047616
419	454	0.047619047619047616
421	446	0.047619047619047616
425	456	0.047619047619047616
495	497	0.047619047619047616
495	577	0.09523809523809523
507	520	0.09523809523809523
529	549	0.047619047619047616
615	617	0.047619047619047616
618	627	0.23809523809523808
638	682	0.047619047619047616
670	684	0.09523809523809523
708	844	0.047619047619047616
737	739	0.047619047619047616
833	835	0.19047619047619047
865	868	0.047619047619047616
883	892	0.047619047619047616
1021	937	0.09523809523809523
1035	1037	0.09523809523809523
1035	1062	0.047619047619047616
37	39	0.047619047619047616
55	57	0.047619047619047616
71	94	0.09523809523809523
125	78	0.047619047619047616
101	80	0.047619047619047616
114	81	0.19047619047619047
126	128	0.09523809523809523
134	313	0.047619047619047616
135	685	0.14285714285714285
145	645	0.047619047619047616
173	268	0.14285714285714285
212	214	0.14285714285714285
218	246	0.09523809523809523
233	236	0.047619047619047616
236	241	0.2857142857142857
236	242	0.09523809523809523
240	245	0.23809523809523808
253	757	0.047619047619047616
271	757	0.09523809523809523
310	314	0.047619047619047616
311	313	0.09523809523809523
316	321	0.047619047619047616
317	321	0.047619047619047616
318	321	0.047619047619047616
321	482	0.19047619047619047
322	480	0.047619047619047616
366	396	0.047619047619047616
393	395	0.09523809523809523
414	416	0.14285714285714285
414	417	0.09523809523809523
459	640	0.09523809523809523
490	492	0.09523809523809523
517	519	0.09523809523809523
517	555	0.19047619047619047
534	536	0.047619047619047616
602	637	0.14285714285714285
691	701	0.14285714285714285
707	750	0.2857142857142857
708	846	0.047619047619047616
754	758	0.09523809523809523
755	848	0.19047619047619047
758	760	0.19047619047619047
758	796	0.3333333333333333
836	838	0.047619047619047616
923	929	0.09523809523809523
1049	955	0.09523809523809523
1049	960	0.19047619047619047
1049	976	0.19047619047619047
2	4	0.047619047619047616
21	34	0.09523809523809523
22	33	0.047619047619047616
79	91	0.047619047619047616
119	687	0.047619047619047616
136	309	0.047619047619047616
152	654	0.09523809523809523
196	202	0.09523809523809523
212	276	0.09523809523809523
221	241	0.14285714285714285
224	249	0.047619047619047616
225	241	0.19047619047619047
241	246	0.09523809523809523
246	248	0.047619047619047616
271	273	0.047619047619047616
284	286	0.047619047619047616
313	316	0.047619047619047616
314	482	0.047619047619047616
321	324	0.047619047619047616
321	481	0.09523809523809523
343	407	0.09523809523809523
441	443	0.09523809523809523
551	567	0.09523809523809523
561	591	0.047619047619047616
626	628	0.09523809523809523
699	701	0.047619047619047616
704	751	0.047619047619047616
782	784	0.09523809523809523
860	862	0.09523809523809523
889	891	0.09523809523809523
920	953	0.047619047619047616
943	945	0.047619047619047616
959	961	0.047619047619047616
981	983	0.047619047619047616
1060	1067	0.09523809523809523
44	98	0.047619047619047616
50	54	0.047619047619047616
122	124	0.19047619047619047
153	155	0.047619047619047616
174	264	0.047619047619047616
176	277	0.047619047619047616
197	199	0.047619047619047616
215	219	0.047619047619047616
272	281	0.047619047619047616
297	697	0.09523809523809523
302	692	0.047619047619047616
316	432	0.09523809523809523
327	494	0.047619047619047616
372	374	0.047619047619047616
403	426	0.047619047619047616
437	479	0.047619047619047616
437	483	0.09523809523809523
552	554	0.09523809523809523
1000	598	0.047619047619047616
671	683	0.047619047619047616
672	674	0.047619047619047616
795	851	0.047619047619047616
828	982	0.047619047619047616
897	978	0.09523809523809523
1001	999	0.047619047619047616
1053	1057	0.047619047619047616
20	22	0.14285714285714285
106	305	0.047619047619047616
109	304	0.047619047619047616
115	691	0.047619047619047616
133	315	0.047619047619047616
133	316	0.047619047619047616
189	209	0.047619047619047616
190	192	0.047619047619047616
197	201	0.14285714285714285
235	240	0.09523809523809523
235	245	0.047619047619047616
251	285	0.047619047619047616
252	256	0.047619047619047616
321	480	0.047619047619047616
337	472	0.09523809523809523
446	677	0.047619047619047616
464	677	0.047619047619047616
492	587	0.047619047619047616
502	517	0.14285714285714285
513	518	0.047619047619047616
516	518	0.14285714285714285
518	553	0.14285714285714285
521	526	0.047619047619047616
527	529	0.047619047619047616
530	556	0.09523809523809523
548	550	0.09523809523809523
555	557	0.09523809523809523
651	653	0.047619047619047616
688	690	0.047619047619047616
704	706	0.047619047619047616
766	768	0.047619047619047616
832	903	0.14285714285714285
847	849	0.09523809523809523
853	924	0.047619047619047616
914	934	0.09523809523809523
1048	970	0.09523809523809523
1048	971	0.14285714285714285
1024	1026	0.047619047619047616
1037	1039	0.047619047619047616
12	5	0.047619047619047616
21	44	0.047619047619047616
30	32	0.047619047619047616
101	69	0.047619047619047616
113	80	0.09523809523809523
81	84	0.09523809523809523
114	83	0.047619047619047616
90	92	0.047619047619047616
706	90	0.09523809523809523
105	107	0.047619047619047616
109	302	0.047619047619047616
153	157	0.047619047619047616
153	299	0.047619047619047616
251	287	0.047619047619047616
256	759	0.047619047619047616
290	295	0.09523809523809523
300	695	0.047619047619047616
359	361	0.047619047619047616
499	517	0.047619047619047616
503	517	0.047619047619047616
518	522	0.047619047619047616
519	521	0.047619047619047616
642	646	0.09523809523809523
707	753	0.047619047619047616
710	742	0.047619047619047616
728	730	0.09523809523809523
738	768	0.14285714285714285
879	881	0.14285714285714285
961	967	0.14285714285714285
26	60	0.047619047619047616
35	47	0.047619047619047616
142	144	0.047619047619047616
192	206	0.09523809523809523
197	286	0.047619047619047616
197	288	0.047619047619047616
289	291	0.09523809523809523
445	459	0.047619047619047616
445	460	0.047619047619047616
501	508	0.047619047619047616
501	509	0.047619047619047616
505	513	0.047619047619047616
551	578	0.047619047619047616
564	586	0.047619047619047616
579	581	0.047619047619047616
595	626	0.047619047619047616
598	618	0.047619047619047616
603	605	0.047619047619047616
1006	640	0.047619047619047616
721	733	0.047619047619047616
727	769	0.047619047619047616
777	802	0.14285714285714285
920	931	0.047619047619047616
935	941	0.047619047619047616
975	977	0.047619047619047616
985	987	0.047619047619047616
1008	1013	0.09523809523809523
0	125	0.047619047619047616
72	93	0.09523809523809523
741	87	0.047619047619047616
140	309	0.047619047619047616
141	311	0.047619047619047616
179	181	0.047619047619047616
291	293	0.047619047619047616
303	692	0.047619047619047616
313	432	0.047619047619047616
335	475	0.047619047619047616
344	407	0.047619047619047616
349	417	0.047619047619047616
349	419	0.047619047619047616
362	642	0.047619047619047616
412	415	0.09523809523809523
413	415	0.047619047619047616
508	516	0.047619047619047616
508	517	0.047619047619047616
508	518	0.047619047619047616
508	521	0.09523809523809523
509	514	0.09523809523809523
509	517	0.09523809523809523
509	521	0.047619047619047616
526	528	0.047619047619047616
1028	541	0.047619047619047616
596	598	0.047619047619047616
596	995	0.09523809523809523
601	999	0.047619047619047616
629	821	0.047619047619047616
664	666	0.09523809523809523
802	804	0.047619047619047616
802	845	0.047619047619047616
907	951	0.047619047619047616
913	941	0.047619047619047616
1038	983	0.047619047619047616
1035	987	0.047619047619047616
1003	1006	0.047619047619047616
1057	1059	0.047619047619047616
73	76	0.047619047619047616
104	80	0.047619047619047616
175	181	0.047619047619047616
175	212	0.047619047619047616
1064	179	0.047619047619047616
197	223	0.047619047619047616
216	250	0.047619047619047616
220	250	0.047619047619047616
223	245	0.047619047619047616
224	238	0.047619047619047616
225	238	0.047619047619047616
259	287	0.047619047619047616
277	827	0.047619047619047616
346	377	0.047619047619047616
362	457	0.047619047619047616
443	470	0.047619047619047616
498	578	0.047619047619047616
512	545	0.047619047619047616
617	619	0.047619047619047616
696	700	0.047619047619047616
719	775	0.047619047619047616
722	734	0.047619047619047616
751	760	0.09523809523809523
790	793	0.047619047619047616
860	864	0.047619047619047616
900	955	0.047619047619047616
904	954	0.047619047619047616
963	970	0.09523809523809523
1060	1063	0.047619047619047616
23	44	0.047619047619047616
41	43	0.047619047619047616
84	86	0.047619047619047616
109	111	0.047619047619047616
135	137	0.047619047619047616
149	151	0.09523809523809523
177	829	0.047619047619047616
200	787	0.047619047619047616
207	209	0.047619047619047616
212	272	0.047619047619047616
314	317	0.047619047619047616
314	318	0.047619047619047616
315	431	0.047619047619047616
330	393	0.047619047619047616
426	440	0.047619047619047616
439	441	0.047619047619047616
1013	450	0.047619047619047616
460	682	0.047619047619047616
580	582	0.047619047619047616
582	584	0.047619047619047616
605	614	0.047619047619047616
686	688	0.047619047619047616
747	750	0.047619047619047616
752	798	0.047619047619047616
767	795	0.047619047619047616
774	776	0.047619047619047616
824	829	0.047619047619047616
895	897	0.047619047619047616
921	923	0.047619047619047616
1048	960	0.047619047619047616
1002	1004	0.047619047619047616
0	2	0.047619047619047616
20	33	0.047619047619047616
126	674	0.047619047619047616
126	684	0.047619047619047616
131	312	0.047619047619047616
134	462	0.047619047619047616
153	163	0.047619047619047616
177	277	0.047619047619047616
228	234	0.047619047619047616
292	294	0.047619047619047616
327	490	0.047619047619047616
345	349	0.047619047619047616
489	491	0.047619047619047616
515	517	0.047619047619047616
530	532	0.047619047619047616
553	555	0.047619047619047616
653	655	0.047619047619047616
855	919	0.047619047619047616
922	929	0.047619047619047616
976	978	0.047619047619047616
1060	1066	0.047619047619047616
