0 1
0 2
0 122
0 126
0 675
0 680
1 2
1 3
1 75
1 76
2 3
3 4
3 5
3 11
4 5
4 11
5 6
5 7
5 11
5 13
5 716
5 720
6 7
6 709
6 712
6 713
6 716
7 8
7 9
7 11
7 12
7 13
7 74
7 713
8 9
8 12
8 14
8 15
8 89
9 10
9 11
9 12
9 15
9 93
10 11
10 12
10 74
10 94
11 12
12 13
12 14
13 14
13 713
13 716
13 717
13 721
14 15
14 721
14 737
15 16
15 19
15 37
15 89
16 17
16 18
16 19
17 18
17 36
17 37
18 19
18 34
18 36
18 37
19 20
19 21
19 35
19 37
19 96
20 21
20 32
20 33
20 34
20 96
21 22
21 23
21 33
21 35
21 96
21 97
21 98
22 23
22 30
22 32
22 96
22 97
23 24
23 25
23 30
23 31
23 33
23 48
23 98
23 100
24 25
24 28
24 30
24 99
24 100
25 26
25 27
25 28
25 29
25 31
25 52
25 100
26 27
26 61
26 67
26 100
26 101
26 102
27 28
27 29
27 57
27 60
27 61
28 29
28 57
29 30
29 31
29 52
29 55
29 56
29 57
30 31
31 32
31 33
31 48
31 51
31 52
31 55
32 33
33 34
33 35
33 47
33 48
33 51
34 35
35 36
35 39
35 44
35 88
36 37
36 38
36 39
37 38
37 88
37 89
38 39
38 87
38 89
38 741
38 742
39 40
39 43
39 44
39 88
40 41
40 42
40 43
40 85
40 86
40 87
41 42
41 44
41 45
41 69
41 81
41 84
41 86
42 43
42 45
42 46
42 84
42 85
43 44
43 46
43 47
44 45
44 47
44 48
44 88
45 46
45 48
45 49
45 64
45 84
46 47
46 49
46 64
47 48
47 50
47 51
48 49
48 51
48 52
49 50
49 52
49 64
50 51
50 52
50 53
51 52
51 54
52 53
52 55
52 58
53 54
53 58
54 55
55 56
55 58
56 57
57 58
57 60
58 59
58 61
59 60
60 61
61 62
62 63
62 66
63 64
63 65
63 66
64 65
64 67
65 66
66 67
66 102
67 68
67 100
67 101
67 102
68 69
68 70
68 80
68 81
68 82
68 101
68 103
69 70
69 71
69 81
69 98
69 100
70 71
70 78
70 79
70 80
70 81
70 99
70 101
71 72
71 79
71 93
71 97
71 98
71 99
72 73
72 76
72 77
72 78
72 94
73 74
73 75
73 77
73 79
73 92
73 93
73 94
74 75
74 92
74 93
74 94
75 76
75 77
75 122
75 123
76 77
76 94
77 78
77 123
77 125
78 79
79 80
79 81
79 114
80 81
80 82
80 110
81 82
81 83
81 86
81 91
82 83
82 103
82 107
82 110
82 111
83 84
83 85
83 86
83 111
84 85
85 86
86 87
86 90
86 91
87 88
87 89
87 90
87 742
88 89
88 91
89 90
89 742
90 91
90 742
91 92
91 93
92 93
93 94
93 95
93 96
94 95
95 96
95 97
96 97
97 98
98 99
98 100
99 100
99 101
100 101
101 102
102 103
102 104
103 104
103 105
104 105
105 106
105 110
106 107
106 108
106 109
106 110
107 108
107 110
107 111
108 109
108 111
108 112
109 110
109 112
109 113
110 111
110 113
111 112
111 114
111 115
112 113
112 115
112 116
113 114
113 116
113 117
114 115
114 117
114 118
115 116
115 117
115 118
115 119
115 698
115 702
116 117
116 119
116 120
116 688
116 691
117 118
117 119
117 120
117 121
117 122
118 119
118 121
118 702
118 705
119 120
119 121
119 691
119 698
119 701
119 702
119 705
120 121
120 122
120 671
120 684
120 687
121 122
121 705
122 123
122 126
122 674
123 124
123 125
123 126
124 125
124 127
124 128
125 126
125 129
126 127
126 674
126 680
126 681
126 684
127 128
127 680
127 681
127 684
127 685
127 688
128 129
128 130
129 130
129 465
130 131
130 135
130 136
130 139
131 132
131 136
131 312
132 133
132 134
132 135
132 136
132 463
133 134
133 136
133 137
133 311
133 312
133 313
133 314
134 135
134 137
134 138
134 314
134 462
134 644
135 136
135 138
135 644
135 681
136 137
136 139
136 140
136 311
136 312
137 138
137 140
137 141
137 311
138 139
138 141
138 142
138 644
138 645
138 685
139 140
139 142
139 143
139 307
139 685
139 689
140 141
140 143
140 144
140 307
140 311
141 142
141 144
141 145
141 645
142 143
142 145
142 146
142 645
142 653
142 685
142 686
142 689
143 144
143 146
143 147
143 303
143 307
143 689
144 145
144 146
144 147
144 148
145 146
145 148
145 149
145 650
145 653
145 654
146 147
146 149
146 150
146 657
146 689
146 693
147 148
147 150
147 151
147 301
148 149
148 151
148 152
148 654
149 150
149 151
149 152
149 153
149 653
149 654
149 657
149 658
150 151
150 153
150 154
150 301
150 657
150 693
151 152
151 154
152 153
152 654
152 658
153 154
153 160
153 161
153 163
153 164
153 657
153 658
154 155
154 157
154 160
154 161
155 156
155 160
156 157
156 159
156 160
157 158
157 159
157 160
157 161
158 159
158 161
158 162
158 293
158 296
159 160
159 162
159 163
160 161
160 163
161 162
161 164
161 296
161 297
162 163
162 165
162 166
162 261
162 292
162 293
162 296
163 164
163 167
163 261
163 262
164 165
164 167
164 658
164 659
164 660
165 166
165 296
165 297
165 660
166 167
166 259
166 261
167 168
167 169
167 624
167 659
167 661
168 169
168 170
168 261
168 262
168 264
168 269
169 170
169 269
169 270
169 625
170 171
170 264
170 268
170 269
170 270
170 623
171 172
171 173
171 268
171 270
171 273
171 623
171 625
172 173
172 623
173 174
173 175
174 175
174 268
175 176
176 177
176 180
176 181
176 187
176 212
176 267
177 178
177 179
177 180
177 181
177 277
177 827
178 179
178 181
178 182
179 180
179 182
179 183
179 829
179 1067
180 181
180 183
180 184
180 276
180 277
181 182
181 184
181 186
181 187
182 183
183 184
184 185
184 187
184 188
184 276
185 186
185 187
185 188
186 187
186 188
187 188
187 212
188 189
188 209
188 210
188 211
188 212
189 190
189 191
189 210
189 266
189 267
189 272
189 276
190 191
190 207
190 209
190 281
191 192
191 193
191 208
191 210
191 219
191 281
191 282
191 284
192 193
192 194
192 205
192 207
192 281
192 283
193 194
193 205
193 206
193 208
193 219
193 223
193 284
193 286
194 195
194 203
194 205
194 254
194 283
194 284
194 285
194 286
194 788
195 196
195 197
195 204
195 286
196 197
196 203
196 787
197 198
197 202
197 203
197 204
198 199
199 200
200 201
200 202
201 202
202 203
203 204
203 205
204 205
205 206
206 207
206 208
206 223
206 226
206 227
206 230
207 208
208 209
208 210
208 219
208 222
208 223
208 226
209 210
210 211
210 214
210 219
210 266
211 212
211 213
211 214
212 213
212 214
212 265
212 267
213 214
213 265
214 215
214 218
214 219
214 265
214 266
215 216
215 217
215 218
215 263
215 264
215 265
215 266
216 217
216 219
216 220
216 251
216 260
216 266
217 218
217 220
217 221
217 246
217 247
218 219
218 221
218 222
219 220
219 222
219 223
219 251
219 266
220 221
220 223
220 245
220 246
220 249
220 251
220 286
221 222
221 224
221 225
221 242
221 246
222 223
222 225
222 226
223 224
223 226
223 227
223 286
224 225
224 227
224 228
224 242
224 245
225 226
225 228
225 229
225 235
225 242
226 227
226 229
226 230
227 228
227 230
227 231
228 229
228 231
228 233
228 234
228 235
228 238
229 230
229 232
229 235
230 231
231 232
231 233
232 233
233 234
234 235
234 237
234 238
235 236
235 238
236 237
237 238
238 239
238 241
238 242
239 240
239 242
239 243
240 241
240 243
240 244
241 242
241 244
241 245
242 243
242 245
242 246
243 244
243 246
244 245
244 247
244 248
245 246
245 247
245 248
245 249
246 247
247 248
247 249
247 289
248 249
248 288
248 289
249 250
249 286
249 287
249 288
249 289
250 251
250 252
250 261
250 287
250 289
250 292
251 252
251 260
251 284
251 286
252 253
252 259
252 284
252 285
252 287
253 254
253 255
253 256
253 258
253 271
253 284
253 285
254 255
254 283
254 284
254 285
254 788
254 791
254 792
255 256
255 784
255 786
255 788
255 789
255 791
255 792
255 793
256 257
256 258
256 757
256 758
256 786
256 793
257 258
257 751
257 757
257 758
257 759
257 786
258 259
258 271
258 757
259 260
259 261
260 261
260 266
260 269
261 262
262 263
262 264
263 264
264 265
264 268
264 269
265 266
265 267
265 268
266 267
266 269
266 272
267 268
267 272
267 273
268 269
269 270
269 271
269 272
270 271
270 273
270 274
270 625
271 272
271 274
271 275
271 282
272 273
272 275
272 282
273 274
273 276
273 277
274 275
274 277
274 278
275 276
275 278
275 279
275 280
275 281
275 282
276 277
276 279
277 278
278 279
278 280
278 831
279 280
280 281
281 282
281 283
282 283
282 284
283 284
283 791
283 792
284 285
285 286
285 287
285 787
285 788
286 287
287 288
287 291
287 292
288 289
288 290
288 291
289 290
289 292
289 293
290 291
290 293
290 294
291 292
291 294
292 293
292 294
292 295
293 294
293 296
294 295
295 296
296 297
296 298
297 298
297 299
297 695
297 696
298 299
299 300
299 695
300 301
301 302
302 303
302 304
303 304
303 307
303 308
304 305
304 306
304 307
304 308
304 692
305 306
305 308
306 307
307 308
308 309
309 310
310 311
311 312
312 313
313 314
313 315
313 318
314 315
314 430
314 431
314 432
315 316
315 317
315 318
315 430
315 432
315 434
316 317
316 437
316 438
317 318
317 319
317 482
318 319
319 320
319 322
319 323
319 482
320 321
320 323
321 322
321 323
322 323
322 481
322 482
323 324
323 481
323 482
323 484
324 325
324 328
324 481
324 483
325 326
325 327
325 328
325 484
325 486
325 490
326 327
326 329
326 392
326 393
326 395
326 435
326 483
326 484
326 485
326 486
327 328
327 393
327 486
327 490
327 576
328 329
329 330
329 331
329 392
329 393
329 479
329 483
330 331
331 332
331 392
332 333
332 334
332 387
332 388
332 390
332 391
332 392
333 334
333 335
333 388
333 390
333 392
333 395
334 335
334 385
334 386
334 387
334 388
334 477
335 336
335 386
335 401
335 474
335 476
336 337
336 338
336 384
336 385
336 474
336 475
337 338
337 355
337 372
337 382
337 384
337 472
337 474
338 339
338 382
338 383
338 473
338 474
338 475
339 340
339 380
339 381
339 382
339 473
340 341
340 380
340 405
340 470
340 471
340 472
341 342
341 470
341 471
342 343
342 378
342 380
343 344
343 345
343 470
344 345
345 346
345 349
345 350
345 377
345 407
346 347
346 348
346 349
346 350
347 348
348 349
349 350
349 409
350 351
350 377
350 407
350 409
351 352
351 408
351 409
351 410
352 353
352 354
352 374
352 375
352 376
352 377
352 407
352 408
353 354
353 375
353 377
353 380
353 405
353 407
354 355
354 371
354 372
354 373
354 374
354 375
354 406
354 408
355 356
355 357
355 371
355 372
355 382
355 403
355 404
355 405
355 406
356 357
356 369
356 371
356 403
356 404
356 406
356 454
356 455
357 358
357 369
357 370
357 386
357 401
357 403
358 359
358 360
358 365
358 367
358 369
358 370
358 401
358 402
358 403
359 360
359 365
359 366
359 367
359 388
359 390
359 399
359 400
359 401
360 361
360 362
360 363
360 364
360 365
360 366
360 399
360 400
360 402
360 457
361 362
361 366
361 396
361 398
361 399
361 400
361 573
361 606
362 363
362 364
362 606
363 364
363 457
363 458
364 365
365 366
365 367
366 367
366 390
366 399
366 573
366 574
367 368
367 388
367 389
367 390
368 369
368 389
369 370
370 371
370 386
370 388
371 372
372 373
372 382
372 384
373 374
373 375
373 382
373 384
374 375
374 408
375 376
375 379
375 380
375 381
375 382
376 377
376 378
376 379
377 378
377 380
378 379
379 380
379 381
380 381
381 382
381 383
382 383
382 384
383 384
384 385
384 386
385 386
385 387
386 387
386 388
387 388
388 389
388 390
389 390
390 391
390 392
390 394
390 395
391 392
391 393
391 394
392 393
392 395
393 394
393 576
394 395
394 574
394 575
394 576
395 396
395 399
395 428
396 397
396 398
396 399
396 573
396 579
397 398
397 399
397 429
397 485
398 399
398 606
398 607
398 608
398 642
399 400
399 428
400 401
400 402
400 425
400 426
400 427
400 428
400 461
400 642
401 402
401 403
401 426
401 428
402 403
402 424
402 425
402 455
402 457
403 404
403 424
404 405
404 406
404 420
404 423
404 454
404 455
404 456
405 406
405 421
405 422
405 444
405 470
405 472
406 407
406 418
406 420
406 421
406 454
407 408
407 418
407 419
407 421
408 409
408 410
408 416
408 418
409 410
409 416
409 417
410 411
410 416
411 412
411 413
411 414
412 413
413 414
414 415
415 416
415 417
416 417
416 418
417 418
418 419
418 454
419 420
419 421
420 421
420 423
420 447
420 454
421 422
421 470
422 423
422 444
422 445
422 446
422 447
422 469
422 470
423 424
423 444
423 445
423 447
423 455
423 456
424 425
424 442
424 444
424 445
425 426
425 457
425 459
425 461
425 462
426 427
426 442
426 461
426 462
427 428
427 429
427 461
427 642
428 429
428 435
428 436
429 430
429 435
429 485
430 431
430 432
430 434
431 432
432 433
432 434
433 434
433 484
433 485
434 435
434 482
434 483
434 484
435 436
435 437
435 483
435 484
436 437
436 440
436 476
437 438
437 476
437 477
437 478
437 483
438 439
438 440
438 475
438 476
438 478
439 440
439 475
440 441
440 442
440 474
440 476
441 442
441 471
441 473
442 443
442 444
442 463
442 471
442 472
442 474
443 444
443 463
443 464
443 466
443 469
443 471
444 445
444 464
444 469
444 470
444 471
444 472
445 446
445 464
445 469
446 447
446 469
447 448
447 451
448 449
448 450
448 451
448 456
449 450
450 451
450 452
451 452
451 453
451 456
452 453
453 454
453 455
454 455
455 456
455 457
456 457
456 458
456 459
457 458
457 459
458 459
459 460
460 461
460 462
460 639
460 678
460 679
461 462
461 642
462 463
463 464
464 465
464 466
464 469
465 466
465 681
466 467
466 468
466 469
466 677
467 468
468 469
469 470
470 471
470 472
471 472
472 473
472 474
473 474
474 475
474 476
475 476
476 477
477 478
477 479
478 479
479 480
479 481
479 483
480 481
481 482
482 483
482 484
483 484
484 485
485 486
486 487
486 490
486 491
487 488
487 489
487 490
488 489
488 491
488 492
488 587
489 490
489 491
489 492
489 493
490 491
490 493
490 494
491 492
491 494
491 495
491 580
491 583
491 584
492 493
492 495
492 496
492 584
493 494
493 496
493 497
494 495
494 497
494 498
494 576
494 577
494 580
495 496
495 498
495 499
495 580
495 581
495 584
496 497
496 499
496 500
497 498
497 500
497 501
498 499
498 501
498 577
498 580
498 581
499 500
499 502
499 503
500 501
501 502
502 503
502 505
502 506
503 504
503 505
503 506
503 507
504 505
504 506
504 507
504 508
505 506
505 508
505 509
505 516
506 507
506 509
506 516
506 517
506 518
507 508
507 518
508 509
509 510
509 511
509 513
509 516
510 511
511 512
511 513
512 513
513 514
513 515
513 516
513 517
514 515
514 517
514 545
514 548
514 549
514 552
515 516
515 517
515 548
515 552
516 517
517 518
517 552
517 553
518 519
518 520
518 521
519 520
519 522
519 553
519 555
519 556
520 521
521 522
522 523
522 526
522 527
522 553
523 524
523 525
523 526
524 525
524 527
524 528
525 526
525 528
525 529
526 527
526 529
526 530
527 528
527 530
527 531
528 529
528 531
528 532
529 530
529 532
529 533
530 531
530 532
530 533
530 534
530 560
530 563
531 532
531 534
531 535
531 560
532 533
532 535
532 536
533 534
533 536
533 563
533 566
534 535
534 560
534 562
534 563
535 536
536 537
536 540
536 566
537 538
537 539
537 540
537 994
537 995
537 998
537 1022
537 1027
538 539
538 599
538 602
538 995
538 998
538 999
538 1002
539 540
539 998
539 1015
539 1018
539 1022
540 541
541 542
542 543
542 546
542 547
542 566
542 569
543 544
543 545
543 546
544 545
544 547
544 548
545 546
545 548
545 549
546 547
546 549
546 550
547 548
547 550
547 551
547 570
548 549
548 551
548 552
549 550
549 552
550 551
550 553
550 554
550 557
550 566
550 567
550 570
551 552
551 554
551 570
552 553
553 554
553 555
553 556
553 557
554 555
554 557
554 567
554 585
555 556
555 557
555 558
556 557
556 559
557 558
557 560
557 563
557 567
558 559
558 561
558 585
558 589
559 560
560 561
560 562
560 563
561 562
561 563
561 564
561 589
561 590
561 592
562 563
562 564
562 592
562 596
563 564
563 566
563 567
564 565
564 567
564 568
564 589
564 592
565 566
565 568
565 596
565 599
565 600
566 567
566 569
566 570
567 568
567 570
568 569
568 571
568 582
568 605
568 610
569 570
570 571
571 572
571 573
571 578
571 579
571 582
572 573
572 574
572 575
572 578
573 574
573 579
574 575
575 576
575 577
575 578
576 577
576 579
576 580
577 578
577 580
577 581
578 579
578 581
578 582
579 580
579 582
579 583
580 581
580 583
580 584
581 582
581 584
581 585
582 583
582 585
582 586
583 584
583 586
583 587
583 609
584 585
584 587
585 586
585 589
586 587
586 589
586 609
586 610
586 613
587 588
588 589
589 590
589 613
590 591
590 592
591 592
591 616
591 617
591 620
592 593
592 596
592 597
592 617
593 594
593 595
593 596
593 597
593 621
594 595
594 597
594 598
594 617
594 618
594 621
594 622
595 596
595 598
595 995
595 996
596 597
596 599
596 600
597 598
597 600
597 601
597 614
597 617
597 618
598 599
598 601
598 602
598 996
598 999
599 600
599 602
599 999
600 601
600 605
600 610
600 611
600 614
601 602
601 611
601 614
601 637
601 648
602 603
602 604
602 999
602 1002
602 1003
603 604
603 637
603 640
603 1003
604 605
605 606
605 607
605 610
605 611
606 607
606 642
607 608
607 609
607 610
607 611
608 609
608 611
608 612
608 643
608 646
608 647
609 610
609 612
610 611
610 612
610 613
610 614
611 612
611 614
611 615
611 647
611 648
612 613
612 614
612 615
612 616
612 647
613 614
613 616
613 617
614 615
614 617
615 616
615 618
615 619
615 647
615 648
615 651
616 617
616 619
617 618
617 620
617 621
618 619
618 621
618 622
619 620
619 651
620 621
621 622
622 623
622 626
622 627
623 624
623 625
623 626
624 625
624 627
624 628
624 659
624 661
624 662
625 626
625 628
626 627
626 629
626 630
627 628
627 630
627 631
627 655
627 662
628 629
628 631
628 661
628 662
628 665
629 630
629 631
629 814
629 817
630 631
630 633
630 634
631 632
631 634
631 665
631 666
631 669
632 633
632 669
632 810
632 811
632 814
633 634
633 636
633 637
633 1000
633 1003
633 1004
634 635
634 637
634 638
634 648
634 652
635 636
635 638
635 669
635 670
635 673
636 637
636 639
636 1003
636 1004
636 1006
636 1007
637 638
637 640
637 641
637 648
637 1003
638 639
638 641
638 648
638 649
639 640
639 679
639 1006
640 641
641 642
641 643
641 646
641 648
642 643
643 644
643 645
643 646
644 645
644 646
644 682
645 646
645 649
645 650
646 647
646 648
646 649
646 650
647 648
647 650
647 651
648 649
648 651
648 652
649 650
649 652
649 653
649 686
650 651
650 653
650 654
651 652
651 654
651 655
652 653
652 655
652 656
652 666
653 654
653 655
653 656
653 657
653 686
654 655
654 657
654 658
655 656
655 658
655 659
655 662
656 657
656 662
656 663
656 666
656 690
657 658
657 693
658 659
659 660
659 661
659 662
660 661
660 663
660 664
660 697
660 756
661 662
661 663
661 664
661 756
662 663
662 665
662 666
663 664
663 665
663 666
663 667
663 690
663 694
664 665
664 666
664 667
664 668
664 756
665 666
665 668
665 669
666 667
666 669
666 670
666 690
667 668
667 670
667 671
667 687
667 690
667 701
668 669
668 671
668 672
668 838
668 840
669 670
669 672
670 671
670 673
670 674
670 683
670 686
670 687
671 672
671 674
671 687
671 840
672 673
672 839
672 840
672 841
673 674
673 676
673 679
673 683
674 675
674 676
674 679
674 680
674 683
674 684
675 676
675 842
676 677
676 678
676 679
676 680
677 678
677 680
678 679
679 680
679 682
679 683
680 681
680 683
680 684
681 682
681 684
681 685
682 683
682 685
683 684
683 686
683 687
684 685
684 686
684 687
684 688
685 686
685 688
685 689
686 687
686 689
686 690
687 688
687 690
687 691
688 689
688 691
688 692
689 690
689 692
689 693
690 691
690 693
690 694
691 692
691 694
691 698
692 693
693 694
693 695
694 695
694 697
694 698
695 696
695 697
696 697
696 699
697 698
697 700
697 701
698 699
698 701
698 702
699 700
699 702
700 701
700 703
700 704
700 750
700 751
701 702
701 704
701 705
702 703
702 705
702 706
703 704
703 706
703 707
703 746
703 750
704 705
704 707
704 708
704 750
704 753
705 706
705 708
705 709
706 707
706 709
706 710
706 746
707 708
707 710
707 711
707 746
707 747
707 750
708 709
708 711
708 712
708 753
708 840
709 710
709 712
709 713
710 711
710 713
710 714
710 743
710 746
710 747
711 712
711 714
711 715
711 800
712 713
712 715
712 716
712 802
712 844
713 714
713 716
713 717
714 715
714 717
714 734
714 738
714 778
715 716
715 718
715 719
715 777
715 778
715 800
715 802
716 717
716 719
716 720
716 802
717 718
717 721
717 722
717 734
717 737
718 719
718 722
718 723
718 730
718 770
718 776
718 778
719 720
719 723
719 802
719 803
720 721
720 723
721 722
721 723
722 723
722 725
722 730
722 733
723 724
724 725
725 726
725 729
725 730
726 727
726 728
726 729
727 728
727 730
727 731
727 770
727 772
727 776
728 729
728 731
728 732
729 730
729 732
729 733
730 731
730 733
730 734
730 770
730 776
731 732
731 734
731 735
731 769
731 770
732 733
732 735
733 734
734 735
734 737
734 738
735 736
735 738
735 739
735 765
736 737
736 739
737 738
737 740
738 739
738 740
738 743
739 740
739 743
739 744
740 741
740 742
740 743
740 744
741 742
741 744
741 745
742 743
742 745
742 746
743 744
743 746
743 747
744 745
744 748
745 746
746 747
747 748
747 763
748 749
748 761
748 762
748 763
749 750
749 759
749 760
749 761
749 785
750 751
750 760
751 752
751 756
751 758
751 759
752 753
752 754
752 755
752 758
752 760
753 754
753 838
754 755
754 836
754 838
754 848
755 756
755 757
755 758
756 757
757 758
758 759
759 760
759 761
759 784
759 785
759 786
760 761
760 782
761 762
761 782
761 783
761 784
761 785
762 763
762 782
762 783
763 764
763 765
763 782
764 765
764 766
764 767
764 768
764 781
764 782
764 783
764 795
765 766
765 768
766 767
767 768
767 769
767 781
768 769
768 780
768 781
769 770
769 779
770 771
770 776
770 778
770 779
771 772
771 773
771 776
771 777
771 779
771 799
772 773
773 774
773 775
773 776
773 777
774 775
775 776
775 777
775 801
775 804
776 777
777 778
777 799
777 800
777 801
777 802
778 779
778 780
778 800
779 780
779 797
779 799
780 781
780 797
780 798
780 800
781 782
781 795
781 797
782 783
782 784
782 795
782 796
783 784
783 795
784 785
784 786
784 789
784 793
784 794
784 795
784 796
785 786
786 787
786 788
786 789
787 788
788 789
788 790
788 791
789 790
789 793
789 794
790 791
791 792
792 793
793 794
793 796
794 795
795 796
796 797
797 798
797 849
797 851
798 799
798 800
798 846
798 847
798 848
798 849
799 800
799 801
799 846
799 847
799 849
800 801
800 802
800 845
800 846
801 802
801 804
801 806
801 844
801 845
801 846
802 803
802 844
803 804
803 843
803 844
804 805
804 843
805 806
805 807
805 808
805 843
805 1009
806 807
806 809
806 810
806 839
806 845
807 808
807 810
807 811
807 839
807 1007
807 1009
808 809
808 811
808 812
808 933
808 934
808 936
808 1009
808 1011
809 810
809 812
809 813
809 837
809 847
809 933
809 934
810 811
810 813
810 814
810 837
810 838
810 839
811 812
811 814
811 815
811 1004
812 813
812 815
812 816
812 910
812 933
812 936
813 814
813 816
813 834
813 835
813 836
813 837
814 815
814 817
814 818
815 816
815 818
815 819
815 910
816 817
816 819
816 820
816 832
816 834
816 906
817 818
817 820
817 821
817 834
818 819
818 821
818 822
818 997
819 820
819 822
819 823
819 832
819 906
819 990
820 821
820 823
820 824
820 832
820 834
821 822
821 824
821 825
822 823
822 825
822 826
822 989
822 990
822 993
823 824
823 826
823 828
823 830
823 832
823 986
823 989
824 825
824 827
825 826
825 827
826 827
826 828
826 989
826 1065
827 828
827 1067
828 829
828 830
828 985
828 989
828 1065
828 1067
829 830
829 831
829 898
829 1067
830 831
830 832
830 898
830 899
830 901
830 902
830 982
830 986
831 832
831 895
831 898
831 899
831 927
832 833
832 899
832 902
833 834
833 835
833 850
833 899
833 927
833 929
834 835
834 836
835 836
835 837
835 847
835 848
835 850
836 837
836 847
836 848
837 838
837 847
838 839
838 840
838 845
838 846
839 840
839 841
839 845
840 841
840 844
840 845
841 842
841 844
842 843
843 844
844 845
845 846
846 847
847 848
848 849
849 850
849 851
850 851
850 853
850 923
850 929
851 852
851 853
852 853
852 923
852 924
853 854
853 921
853 922
853 923
854 855
854 858
854 859
854 921
855 856
855 857
855 858
855 917
855 918
855 919
855 920
855 921
856 857
856 859
856 860
856 917
856 920
856 922
857 858
857 860
857 917
857 918
858 859
859 860
859 862
859 875
859 876
859 879
860 861
860 862
860 871
860 875
860 917
861 862
861 871
862 863
862 875
862 879
863 864
863 871
863 872
863 875
864 865
864 866
864 871
864 872
865 866
865 867
865 871
866 867
866 870
866 871
866 872
866 873
867 868
867 870
868 869
868 870
869 870
870 871
871 872
871 875
872 873
872 874
872 875
873 874
873 956
873 957
873 958
873 961
874 875
874 877
874 878
874 961
874 966
875 876
875 878
875 879
875 958
876 877
876 879
876 880
876 922
876 958
876 962
877 878
877 880
877 881
877 961
877 962
877 966
878 879
878 881
878 882
879 880
879 882
879 883
880 881
880 883
880 884
880 889
880 892
880 893
880 926
880 962
881 882
881 884
881 889
882 883
883 884
883 924
884 885
884 888
884 889
884 892
884 925
885 886
885 888
885 889
886 887
886 888
886 889
886 890
887 888
887 890
887 891
888 889
888 891
888 892
889 890
889 892
889 893
890 891
890 893
891 892
891 894
891 895
892 893
892 895
892 896
892 925
892 926
893 894
893 896
893 897
893 962
893 965
894 895
894 896
894 897
894 898
895 896
895 898
895 899
895 925
895 926
895 927
896 897
896 899
896 900
896 926
896 928
896 962
897 898
897 900
897 963
897 975
897 979
898 899
898 901
898 902
898 982
899 900
899 902
899 903
899 927
899 928
899 929
900 901
900 902
900 903
900 904
900 928
900 959
901 902
901 904
901 905
901 979
901 982
901 983
901 986
902 903
902 904
902 905
902 906
902 986
903 904
903 906
903 907
903 928
903 929
903 930
904 905
904 907
904 908
904 953
904 983
905 906
905 908
905 909
905 983
905 986
905 987
905 990
906 907
906 909
906 910
907 908
907 910
907 911
907 912
907 930
907 952
907 953
908 909
908 951
908 1024
909 910
909 990
909 1021
909 1024
909 1025
910 911
910 912
910 936
911 912
911 913
911 936
911 937
911 938
911 952
912 913
912 915
912 933
912 935
912 936
912 952
913 914
913 915
913 935
913 938
913 952
914 915
914 916
914 935
915 916
915 919
915 920
915 952
915 953
916 917
916 918
916 919
917 918
917 920
918 919
919 920
919 930
919 931
919 932
920 921
920 930
921 922
921 929
921 930
921 931
922 923
922 926
922 928
922 929
923 924
923 925
923 926
923 927
924 925
925 926
925 927
926 927
926 928
927 928
927 929
928 929
929 930
930 931
931 932
932 933
932 934
933 934
933 936
934 935
934 936
935 936
935 938
935 940
936 937
936 1011
937 938
937 939
937 1011
937 1017
937 1020
938 939
938 940
938 941
938 952
939 940
939 942
939 1010
939 1011
940 941
941 942
941 944
941 945
942 943
942 945
943 944
944 945
945 946
946 947
946 948
947 948
948 949
949 950
949 1020
950 951
950 1044
950 1045
951 952
951 953
951 954
951 1041
951 1042
951 1045
952 953
953 954
954 955
954 1045
954 1046
955 956
955 959
955 960
955 1046
956 957
956 958
956 959
957 958
957 960
957 961
957 970
958 959
959 960
959 962
959 963
960 961
960 963
960 964
960 970
960 971
960 976
961 962
961 964
961 966
961 968
961 970
962 963
963 964
963 975
963 976
963 979
964 965
964 966
964 967
964 969
964 970
964 973
964 975
964 976
965 966
965 967
965 975
966 967
967 968
967 969
967 973
968 969
968 970
969 970
969 972
969 973
970 971
970 972
970 973
970 976
971 972
971 976
971 1049
972 973
973 974
973 975
973 976
974 975
974 977
974 978
975 976
975 978
975 979
976 977
976 978
976 979
976 980
977 978
977 980
977 981
978 979
978 981
978 982
979 980
979 982
979 983
980 981
980 983
980 984
980 1050
980 1051
981 982
981 984
981 985
981 1060
982 983
982 985
982 986
983 984
983 986
983 987
984 985
984 987
984 988
984 1035
984 1038
984 1057
984 1061
985 986
985 988
985 989
985 1061
985 1065
985 1066
986 987
986 989
987 988
987 990
987 991
987 1038
988 989
988 991
988 992
988 1061
988 1063
988 1064
988 1065
989 990
989 992
989 993
989 1065
990 991
990 993
990 994
990 1025
991 992
991 994
991 1025
991 1034
992 993
992 1063
992 1064
992 1065
993 994
993 996
994 995
994 997
994 998
994 1025
994 1027
995 996
995 998
995 999
996 997
996 999
996 1000
997 998
997 1000
997 1001
998 999
998 1001
998 1002
998 1018
998 1021
998 1022
999 1000
999 1002
999 1003
1000 1001
1000 1003
1000 1004
1001 1002
1001 1004
1001 1012
1001 1018
1001 1021
1002 1003
1002 1005
1002 1015
1002 1018
1003 1004
1004 1005
1004 1006
1004 1007
1004 1012
1005 1006
1005 1007
1005 1012
1005 1013
1005 1014
1006 1007
1006 1008
1007 1008
1007 1009
1007 1012
1008 1009
1009 1010
1009 1011
1009 1012
1010 1011
1010 1013
1011 1012
1012 1013
1012 1017
1013 1014
1013 1017
1014 1015
1014 1016
1014 1017
1015 1016
1015 1018
1015 1019
1016 1017
1016 1019
1017 1018
1017 1019
1017 1020
1018 1019
1018 1021
1018 1022
1019 1020
1019 1022
1019 1023
1020 1021
1020 1023
1020 1024
1021 1022
1021 1024
1021 1025
1022 1023
1022 1025
1022 1027
1023 1024
1023 1026
1024 1025
1025 1026
1025 1027
1026 1027
1026 1028
1026 1029
1026 1033
1026 1034
1026 1037
1027 1028
1028 1029
1029 1030
1029 1033
1029 1034
1029 1037
1030 1031
1030 1032
1030 1033
1030 1034
1031 1032
1031 1034
1031 1035
1031 1062
1031 1063
1032 1033
1032 1035
1032 1036
1032 1058
1032 1062
1033 1034
1033 1036
1033 1037
1034 1035
1034 1037
1034 1038
1035 1036
1035 1038
1035 1039
1035 1057
1036 1037
1036 1039
1036 1040
1036 1054
1037 1038
1037 1040
1037 1041
1038 1039
1038 1041
1038 1042
1039 1040
1039 1042
1039 1043
1039 1050
1039 1054
1040 1041
1040 1043
1040 1044
1041 1042
1041 1044
1041 1045
1042 1043
1042 1044
1042 1045
1042 1046
1042 1050
1043 1044
1043 1046
1043 1048
1043 1049
1043 1050
1043 1052
1044 1045
1045 1046
1046 1047
1046 1048
1046 1049
1046 1050
1047 1048
1048 1049
1048 1050
1049 1050
1050 1051
1051 1052
1051 1053
1052 1053
1053 1054
1053 1055
1054 1055
1054 1057
1054 1058
1055 1056
1055 1058
1055 1059
1056 1057
1056 1059
1056 1060
1057 1058
1057 1060
1058 1059
1058 1062
1059 1060
1060 1061
1060 1066
1061 1062
1061 1064
1061 1065
1061 1066
1062 1063
1063 1064
1064 1065
1065 1066
1066 1067
